<?xml version="1.0" encoding="utf-8"?>
<level gravity="9.84" position="9.2613191605, 1.8052240610, -94.2130279541" eye="9.2915487289, 2.0003952980, -93.2321014404" up="0.0000000000, 1.0000000000, 0.0000000000">
	<object id="20" type="domino_small" matrix="-0.2892610133, -0.0000000000, 0.9572499990, 0.0000000000; 0.0000000000, 1.0000000000, 0.0000000000, 0.0000000000; -0.9572499990, 0.0000000000, -0.2892610133, 0.0000000000; 26.1527004242, 1.6100000143, 52.6273994446, 1.0000000000" freezeState="1" damping="0.1000000015, 0.1000000015, 0.1000000015, 0.1000000015" material="asphalt" mass="0.384"/>
	<object id="21" type="domino_small" matrix="-0.2549889982, -0.0000000000, 0.9669439793, 0.0000000000; 0.0000000000, 1.0000000000, 0.0000000000, 0.0000000000; -0.9669439793, 0.0000000000, -0.2549889982, 0.0000000000; 28.5618000031, 1.6100000143, 53.2933998108, 1.0000000000" freezeState="1" damping="0.1000000015, 0.1000000015, 0.1000000015, 0.1000000015" material="asphalt" mass="0.384"/>
	<object id="22" type="domino_small" matrix="-0.2427210063, -0.0000000000, 0.9700959921, 0.0000000000; 0.0000000000, 1.0000000000, 0.0000000000, 0.0000000000; -0.9700959921, 0.0000000000, -0.2427210063, 0.0000000000; 30.9864997864, 1.6100000143, 53.9020996094, 1.0000000000" freezeState="1" damping="0.1000000015, 0.1000000015, 0.1000000015, 0.1000000015" material="asphalt" mass="0.384"/>
	<object id="23" type="domino_small" matrix="-0.2391580045, -0.0000000000, 0.9709810019, 0.0000000000; 0.0000000000, 1.0000000000, 0.0000000000, 0.0000000000; -0.9709810019, 0.0000000000, -0.2391580045, 0.0000000000; 33.4122009277, 1.6100000143, 54.5069999695, 1.0000000000" freezeState="1" damping="0.1000000015, 0.1000000015, 0.1000000015, 0.1000000015" material="asphalt" mass="0.384"/>
	<object id="24" type="domino_small" matrix="-0.2363719940, -0.0000000000, 0.9716629982, 0.0000000000; 0.0000000000, 1.0000000000, 0.0000000000, 0.0000000000; -0.9716629982, 0.0000000000, -0.2363719940, 0.0000000000; 35.8414001465, 1.6100000143, 55.0979003906, 1.0000000000" freezeState="1" damping="0.1000000015, 0.1000000015, 0.1000000015, 0.1000000015" material="asphalt" mass="0.384"/>
	<object id="25" type="domino_small" matrix="-0.2363730073, -0.0000000000, 0.9716619849, 0.0000000000; 0.0000000000, 1.0000000000, 0.0000000000, 0.0000000000; -0.9716619849, 0.0000000000, -0.2363730073, 0.0000000000; 38.2705993652, 1.6100000143, 55.6888008118, 1.0000000000" freezeState="1" damping="0.1000000015, 0.1000000015, 0.1000000015, 0.1000000015" material="asphalt" mass="0.384"/>
	<object id="26" type="domino_small" matrix="-0.2363730073, -0.0000000000, 0.9716619849, 0.0000000000; 0.0000000000, 1.0000000000, 0.0000000000, 0.0000000000; -0.9716619849, 0.0000000000, -0.2363730073, 0.0000000000; 40.6996994019, 1.6100000143, 56.2798004150, 1.0000000000" freezeState="1" damping="0.1000000015, 0.1000000015, 0.1000000015, 0.1000000015" material="asphalt" mass="0.384"/>
	<object id="27" type="domino_small" matrix="-0.2508499920, -0.0000000000, 0.9680259824, 0.0000000000; 0.0000000000, 1.0000000000, 0.0000000000, 0.0000000000; -0.9680259824, 0.0000000000, -0.2508499920, 0.0000000000; 43.1288986206, 1.6100000143, 56.8707008362, 1.0000000000" freezeState="1" damping="0.1000000015, 0.1000000015, 0.1000000015, 0.1000000015" material="asphalt" mass="0.384"/>
	<object id="28" type="domino_small" matrix="-0.2750909925, -0.0000000000, 0.9614179730, 0.0000000000; 0.0000000000, 1.0000000000, 0.0000000000, 0.0000000000; -0.9614179730, 0.0000000000, -0.2750909925, 0.0000000000; 45.5386009216, 1.6100000143, 57.5336990356, 1.0000000000" freezeState="1" damping="0.1000000015, 0.1000000015, 0.1000000015, 0.1000000015" material="asphalt" mass="0.384"/>
	<object id="29" type="domino_small" matrix="-0.2848759890, -0.0000000000, 0.9585639834, 0.0000000000; 0.0000000000, 1.0000000000, 0.0000000000, 0.0000000000; -0.9585639834, 0.0000000000, -0.2848759890, 0.0000000000; 47.9350013733, 1.6100000143, 58.2458992004, 1.0000000000" freezeState="1" damping="0.1000000015, 0.1000000015, 0.1000000015, 0.1000000015" material="asphalt" mass="0.384"/>
	<object id="30" type="domino_small" matrix="-0.2848759890, -0.0000000000, 0.9585639834, 0.0000000000; 0.0000000000, 1.0000000000, 0.0000000000, 0.0000000000; -0.9585639834, 0.0000000000, -0.2848759890, 0.0000000000; 50.3314018250, 1.6100000143, 58.9580993652, 1.0000000000" freezeState="1" damping="0.1000000015, 0.1000000015, 0.1000000015, 0.1000000015" material="asphalt" mass="0.384"/>
	<object id="31" type="domino_small" matrix="-0.2848759890, -0.0000000000, 0.9585639834, 0.0000000000; 0.0000000000, 1.0000000000, 0.0000000000, 0.0000000000; -0.9585639834, 0.0000000000, -0.2848759890, 0.0000000000; 52.7277984619, 1.6100000143, 59.6702003479, 1.0000000000" freezeState="1" damping="0.1000000015, 0.1000000015, 0.1000000015, 0.1000000015" material="asphalt" mass="0.384"/>
	<object id="32" type="domino_small" matrix="-0.2848759890, -0.0000000000, 0.9585639834, 0.0000000000; 0.0000000000, 1.0000000000, 0.0000000000, 0.0000000000; -0.9585639834, 0.0000000000, -0.2848759890, 0.0000000000; 55.1241989136, 1.6100000143, 60.3824005127, 1.0000000000" freezeState="1" damping="0.1000000015, 0.1000000015, 0.1000000015, 0.1000000015" material="asphalt" mass="0.384"/>
	<object id="33" type="domino_small" matrix="-0.2848750055, -0.0000000000, 0.9585649967, 0.0000000000; 0.0000000000, 1.0000000000, 0.0000000000, 0.0000000000; -0.9585649967, 0.0000000000, -0.2848750055, 0.0000000000; 57.5205993652, 1.6100000143, 61.0946006775, 1.0000000000" freezeState="1" damping="0.1000000015, 0.1000000015, 0.1000000015, 0.1000000015" material="asphalt" mass="0.384"/>
	<object id="366" type="box" matrix="1.0000000000, 0.0000000000, 0.0000000000, 0.0000000000; 0.0000000000, 0.9895259738, -0.1443559974, 0.0000000000; 0.0000000000, 0.1443559974, 0.9895259738, 0.0000000000; 9.6832103729, 6.1380200386, -33.4323997498, 1.0000000000" width="11.2" height="0.55" depth="37.9" freezeState="0" damping="0.1000000015, 0.1000000015, 0.1000000015, 0.1000000015" material="asphalt" mass="0"/>
	<compound id="1" matrix="-0.0000000437, 0.0000000000, -1.0000000000, 0.0000000000; 0.0000000000, 1.0000000000, 0.0000000000, 0.0000000000; 1.0000000000, 0.0000000000, -0.0000000437, 0.0000000000; 9.4250898361, 0.4525279999, -76.7706985474, 1.0000000000">
		<object id="0" type="box" matrix="0.0000000671, 0.7071070075, -0.7071099877, 0.0000000000; -0.0000000671, 0.7071070075, 0.7071099877, 0.0000000000; 1.0000000000, 0.0000000000, 0.0000002561, 0.0000000000; 9.4250297546, -0.0474850014, -76.7705993652, 1.0000000000" width="2" height="2" depth="4" freezeState="0" damping="0.1000000015, 0.1000000015, 0.1000000015, 0.1000000015" material="plankso" mass="0"/>
		<object id="1" type="box" matrix="-0.0009510145, 0.2770222127, -0.9608629942, 0.0000000000; 0.0017774999, 0.9608623981, 0.2770202756, 0.0000000000; 0.9999979734, -0.0014444888, -0.0014062002, 0.0000000000; 9.4260187149, 1.3998399973, -76.7742004395, 1.0000000000" width="10" height="0.05" depth="3" freezeState="0" damping="0.1000000015, 0.1000000015, 0.1000000015, 0.1000000015" material="planks" mass="2.5"/>
		<joint type="hinge" parentID="1" childID="0" pivot="9.4250297546, 1.4025828838, -76.7705993652" pinDir="1.0000000000, 0.0000000000, 0.0000249382" limited="0"/>
	</compound>
	<compound id="18" matrix="-0.9775639772, 0.0000000000, -0.2106409967, 0.0000000000; 0.0000000000, 1.0000000000, 0.0000000000, 0.0000000000; 0.2106409967, -0.0000000000, -0.9775639772, 0.0000000000; 75.7179031372, 2.6306400299, 65.6071014404, 1.0000000000">
		<object id="0" type="box" matrix="-0.9775639772, 0.0000000000, -0.2106409967, 0.0000000000; 0.0000000000, 1.0000400543, 0.0000000000, 0.0000000000; 0.2106409967, 0.0000000000, -0.9775639772, 0.0000000000; 75.7193984985, 7.1309199333, 65.6082992554, 1.0000400543" width="16.8" height="0.5" depth="0.5" freezeState="134923048" damping="0.0000000000, 0.0000000000, 0.0000000000, 0.0000000000" material="cradle" mass="0"/>
		<object id="1" type="box" matrix="-0.9775632024, -0.0000668803, -0.2106429189, 0.0000000000; -0.0004439942, 0.9999983907, 0.0017430075, 0.0000000000; 0.2106424719, 0.0017974239, -0.9775616527, 0.0000000000; 83.5409393311, 4.4363069534, 67.2890319824, 1.0000000000" width="0.05" height="5" depth="0.15" freezeState="134923048" damping="0.0000000000, 0.0000000000, 0.0000000000, 0.0000000000" material="cradle" mass="0.05"/>
		<object id="2" type="sphere" matrix="-0.9775636792, 0.0006028388, -0.2106397450, 0.0000000000; -0.0002213417, 0.9999924302, 0.0038891516, 0.0000000000; 0.2106404901, 0.0038485161, -0.9775561094, 0.0000000000; 83.5420303345, 2.3337042332, 67.2856292725, 1.0000000000" radius_x="2" radius_y="2" radius_z="2" freezeState="134923048" damping="0.0000000000, 0.0000000000, 0.0000000000, 0.0000000000" material="cradle" mass="5"/>
		<object id="3" type="box" matrix="-0.9775622487, 0.0000031629, -0.2106468827, 0.0000000000; -0.0003745030, 0.9999983907, 0.0017529947, 0.0000000000; 0.2106465548, 0.0017925494, -0.9775606394, 0.0000000000; 79.6303329468, 4.4363074303, 66.4464874268, 1.0000000000" width="0.05" height="5" depth="0.15" freezeState="134923048" damping="0.0000000000, 0.0000000000, 0.0000000000, 0.0000000000" material="cradle" mass="0.05"/>
		<object id="4" type="sphere" matrix="-0.9775636792, 0.0005828204, -0.2106404305, 0.0000000000; -0.0002408168, 0.9999924302, 0.0038844857, 0.0000000000; 0.2106410861, 0.0038480570, -0.9775561094, 0.0000000000; 79.6314239502, 2.3337039948, 66.4430847168, 1.0000000000" radius_x="2" radius_y="2" radius_z="2" freezeState="134923048" damping="0.0000000000, 0.0000000000, 0.0000000000, 0.0000000000" material="cradle" mass="5"/>
		<object id="5" type="box" matrix="-0.9775622487, 0.0000029597, -0.2106470615, 0.0000000000; -0.0003752500, 0.9999983907, 0.0017554953, 0.0000000000; 0.2106467336, 0.0017951510, -0.9775606394, 0.0000000000; 75.7201309204, 4.4363074303, 65.6037902832, 1.0000000000" width="0.05" height="5" depth="0.15" freezeState="134923048" damping="0.0000000000, 0.0000000000, 0.0000000000, 0.0000000000" material="cradle" mass="0.05"/>
		<object id="6" type="sphere" matrix="-0.9775636792, 0.0005863387, -0.2106404454, 0.0000000000; -0.0002375223, 0.9999924302, 0.0038858985, 0.0000000000; 0.2106411308, 0.0038487439, -0.9775561094, 0.0000000000; 75.7212219238, 2.3337044716, 65.6004867554, 1.0000000000" radius_x="2" radius_y="2" radius_z="2" freezeState="134923048" damping="0.0000000000, 0.0000000000, 0.0000000000, 0.0000000000" material="cradle" mass="5"/>
		<object id="7" type="box" matrix="-0.9775622487, 0.0000660847, -0.2106482834, 0.0000000000; -0.0003134198, 0.9999983907, 0.0017682173, 0.0000000000; 0.2106480747, 0.0017945633, -0.9775606394, 0.0000000000; 71.8097000122, 4.4363069534, 64.7611618042, 1.0000000000" width="0.05" height="5" depth="0.15" freezeState="134923048" damping="0.0000000000, 0.0000000000, 0.0000000000, 0.0000000000" material="cradle" mass="0.05"/>
		<object id="8" type="sphere" matrix="-0.9775636792, 0.0005665490, -0.2106407583, 0.0000000000; -0.0002566703, 0.9999924302, 0.0038808079, 0.0000000000; 0.2106413543, 0.0038478009, -0.9775561094, 0.0000000000; 71.8106155396, 2.3337044716, 64.7578125000, 1.0000000000" radius_x="2" radius_y="2" radius_z="2" freezeState="134923048" damping="0.0000000000, 0.0000000000, 0.0000000000, 0.0000000000" material="cradle" mass="5"/>
		<object id="9" type="box" matrix="-0.9775624871, 0.0000594508, -0.2106453478, 0.0000000000; -0.0003182263, 0.9999983907, 0.0017590552, 0.0000000000; 0.2106451094, 0.0017866193, -0.9775608778, 0.0000000000; 67.8994064331, 4.4363074303, 63.9187507629, 1.0000000000" width="0.05" height="5" depth="0.15" freezeState="134923048" damping="0.0000000000, 0.0000000000, 0.0000000000, 0.0000000000" material="cradle" mass="0.05"/>
		<object id="10" type="sphere" matrix="-0.9775635004, 0.0002706610, -0.2106406987, 0.0000000000; -0.0005444761, 0.9999926090, 0.0038117936, 0.0000000000; 0.2106401622, 0.0038409594, -0.9775561094, 0.0000000000; 67.9003295898, 2.3337039948, 63.9151229858, 1.0000000000" radius_x="2" radius_y="2" radius_z="2" freezeState="134923048" damping="0.0000000000, 0.0000000000, 0.0000000000, 0.0000000000" material="cradle" mass="5"/>
		<joint type="hinge" parentID="2" childID="1" pivot="83.5418930054, 2.4319829941, 67.2855300903" pinDir="0.2106527835, 0.0017976376, -0.9775595665" limited="0"/>
		<joint type="hinge" parentID="1" childID="0" pivot="83.5406341553, 7.0297489166, 67.2935028076" pinDir="0.2106413692, 0.0000000000, -0.9775643945" limited="0"/>
		<joint type="hinge" parentID="4" childID="3" pivot="79.6312942505, 2.4319834709, 66.4429931641" pinDir="0.2106566429, 0.0017925344, -0.9775584936" limited="0"/>
		<joint type="hinge" parentID="3" childID="0" pivot="79.6296234131, 7.0297489166, 66.4509201050" pinDir="0.2106413692, 0.0000000000, -0.9775643945" limited="0"/>
		<joint type="hinge" parentID="6" childID="5" pivot="75.7213287354, 2.4319698811, 65.6003646851" pinDir="0.2106570899, 0.0017949370, -0.9775585532" limited="0"/>
		<joint type="hinge" parentID="5" childID="0" pivot="75.7193984985, 7.0297489166, 65.6082992554" pinDir="0.2106413692, 0.0000000000, -0.9775643945" limited="0"/>
		<joint type="hinge" parentID="8" childID="7" pivot="71.8103790283, 2.4319806099, 64.7577056885" pinDir="0.2106592655, 0.0017947268, -0.9775584936" limited="0"/>
		<joint type="hinge" parentID="7" childID="0" pivot="71.8085556030, 7.0297489166, 64.7657012939" pinDir="0.2106413692, 0.0000000000, -0.9775643945" limited="0"/>
		<joint type="hinge" parentID="10" childID="9" pivot="67.9001998901, 2.4319751263, 63.9151115417" pinDir="0.2106047720, 0.0017865711, -0.9775694609" limited="0"/>
		<joint type="hinge" parentID="9" childID="0" pivot="67.8982238770, 7.0297489166, 63.9232025146" pinDir="0.2106413692, 0.0000000000, -0.9775643945" limited="0"/>
	</compound>
	<object id="22" type="domino_small" matrix="0.2843469977, -0.0000000000, -0.9587209821, 0.0000000000; 0.0000000000, 1.0000000000, 0.0000000000, 0.0000000000; 0.9587209821, -0.0000000000, 0.2843469977, 0.0000000000; 64.7098999023, 1.6100000143, 63.2312011719, 1.0000000000" freezeState="1" damping="0.1000000015, 0.1000000015, 0.1000000015, 0.1000000015" material="cradle" mass="3.384"/>
	<object id="25" type="domino_small" matrix="-0.2848759890, -0.0000000000, 0.9585639834, 0.0000000000; 0.0000000000, 1.0000000000, 0.0000000000, 0.0000000000; -0.9585639834, 0.0000000000, -0.2848759890, 0.0000000000; 62.3134002686, 1.6100000143, 62.5190010071, 1.0000000000" freezeState="1" damping="0.1000000015, 0.1000000015, 0.1000000015, 0.1000000015" material="cradle" mass="2.384"/>
	<object id="27" type="domino_small" matrix="-0.2848759890, -0.0000000000, 0.9585639834, 0.0000000000; 0.0000000000, 1.0000000000, 0.0000000000, 0.0000000000; -0.9585639834, 0.0000000000, -0.2848759890, 0.0000000000; 59.9169998169, 1.6100000143, 61.8068008423, 1.0000000000" freezeState="1" damping="0.1000000015, 0.1000000015, 0.1000000015, 0.1000000015" material="cradle" mass="1.384"/>
	<object id="0" type="domino_small" matrix="0.1610790044, -0.0000000000, -0.9869419932, 0.0000000000; 0.0000000000, 1.0000000000, 0.0000000000, 0.0000000000; 0.9869419932, -0.0000000000, 0.1610790044, 0.0000000000; 86.1235961914, 1.6100000143, 67.4896011353, 1.0000000000" freezeState="1" damping="0.1000000015, 0.1000000015, 0.1000000015, 0.1000000015" material="asphalt" mass="0.384"/>
	<object id="1" type="domino_small" matrix="-0.1980569959, -0.0000000000, 0.9801899791, 0.0000000000; 0.0000000000, 1.0000000000, 0.0000000000, 0.0000000000; -0.9801899791, 0.0000000000, -0.1980569959, 0.0000000000; 88.5739974976, 1.6100000143, 67.9847030640, 1.0000000000" freezeState="1" damping="0.1000000015, 0.1000000015, 0.1000000015, 0.1000000015" material="asphalt" mass="0.384"/>
	<object id="2" type="domino_small" matrix="-0.1847089976, -0.0000000000, 0.9827929735, 0.0000000000; 0.0000000000, 1.0000000000, 0.0000000000, 0.0000000000; -0.9827929735, 0.0000000000, -0.1847089976, 0.0000000000; 91.0244979858, 1.6100000143, 68.4797973633, 1.0000000000" freezeState="1" damping="0.1000000015, 0.1000000015, 0.1000000015, 0.1000000015" material="asphalt" mass="0.384"/>
	<object id="3" type="domino_small" matrix="-0.1548810005, -0.0000000000, 0.9879329801, 0.0000000000; 0.0000000000, 1.0000000000, 0.0000000000, 0.0000000000; -0.9879329801, 0.0000000000, -0.1548810005, 0.0000000000; 93.4873962402, 1.6100000143, 68.9080963135, 1.0000000000" freezeState="1" damping="0.1000000015, 0.1000000015, 0.1000000015, 0.1000000015" material="asphalt" mass="0.384"/>
	<object id="4" type="domino_small" matrix="-0.0775906965, -0.0000000000, 0.9969850183, 0.0000000000; 0.0000000000, 1.0000000000, 0.0000000000, 0.0000000000; -0.9969850183, 0.0000000000, -0.0775906965, 0.0000000000; 95.9625015259, 1.6100000143, 69.2539978027, 1.0000000000" freezeState="1" damping="0.1000000015, 0.1000000015, 0.1000000015, 0.1000000015" material="asphalt" mass="0.384"/>
	<object id="5" type="domino_small" matrix="0.0623921007, -0.0000000000, 0.9980520010, 0.0000000000; 0.0000000000, 1.0000000000, 0.0000000000, 0.0000000000; -0.9980520010, -0.0000000000, 0.0623921007, 0.0000000000; 98.4595031738, 1.6100000143, 69.2950973511, 1.0000000000" freezeState="1" damping="0.1000000015, 0.1000000015, 0.1000000015, 0.1000000015" material="asphalt" mass="0.384"/>
	<object id="6" type="domino_small" matrix="0.2130919993, -0.0000000000, 0.9770320058, 0.0000000000; 0.0000000000, 1.0000000000, 0.0000000000, 0.0000000000; -0.9770320058, -0.0000000000, 0.2130919993, 0.0000000000; 100.9319992065, 1.6100000143, 68.9433975220, 1.0000000000" freezeState="1" damping="0.1000000015, 0.1000000015, 0.1000000015, 0.1000000015" material="asphalt" mass="0.384"/>
	<object id="7" type="domino_small" matrix="0.3251369894, -0.0000000000, 0.9456670284, 0.0000000000; 0.0000000000, 1.0000000000, 0.0000000000, 0.0000000000; -0.9456670284, -0.0000000000, 0.3251369894, 0.0000000000; 103.3270034790, 1.6100000143, 68.2334976196, 1.0000000000" freezeState="1" damping="0.1000000015, 0.1000000015, 0.1000000015, 0.1000000015" material="asphalt" mass="0.384"/>
	<object id="8" type="domino_small" matrix="0.3975450099, -0.0000000000, 0.9175829887, 0.0000000000; 0.0000000000, 1.0000000000, 0.0000000000, 0.0000000000; -0.9175829887, -0.0000000000, 0.3975450099, 0.0000000000; 105.6529998779, 1.6100000143, 67.3199005127, 1.0000000000" freezeState="1" damping="0.1000000015, 0.1000000015, 0.1000000015, 0.1000000015" material="asphalt" mass="0.384"/>
	<object id="9" type="domino_small" matrix="0.4635440111, -0.0000000000, 0.8860740066, 0.0000000000; 0.0000000000, 1.0000000000, 0.0000000000, 0.0000000000; -0.8860740066, -0.0000000000, 0.4635440111, 0.0000000000; 107.9100036621, 1.6100000143, 66.2477035522, 1.0000000000" freezeState="1" damping="0.1000000015, 0.1000000015, 0.1000000015, 0.1000000015" material="asphalt" mass="0.384"/>
	<object id="10" type="domino_small" matrix="0.5262960196, -0.0000000000, 0.8503019810, 0.0000000000; 0.0000000000, 1.0000000000, 0.0000000000, 0.0000000000; -0.8503019810, -0.0000000000, 0.5262960196, 0.0000000000; 110.0780029297, 1.6100000143, 65.0049972534, 1.0000000000" freezeState="1" damping="0.1000000015, 0.1000000015, 0.1000000015, 0.1000000015" material="asphalt" mass="0.384"/>
	<object id="11" type="domino_small" matrix="0.5804499984, -0.0000000000, 0.8142949939, 0.0000000000; 0.0000000000, 1.0000000000, 0.0000000000, 0.0000000000; -0.8142949939, -0.0000000000, 0.5804499984, 0.0000000000; 112.1579971313, 1.6100000143, 63.6189002991, 1.0000000000" freezeState="1" damping="0.1000000015, 0.1000000015, 0.1000000015, 0.1000000015" material="asphalt" mass="0.384"/>
	<object id="12" type="domino_small" matrix="0.6281059980, -0.0000000000, 0.7781280279, 0.0000000000; 0.0000000000, 1.0000000000, 0.0000000000, 0.0000000000; -0.7781280279, -0.0000000000, 0.6281059980, 0.0000000000; 114.1460037231, 1.6100000143, 62.1054000854, 1.0000000000" freezeState="1" damping="0.1000000015, 0.1000000015, 0.1000000015, 0.1000000015" material="asphalt" mass="0.384"/>
	<object id="13" type="domino_small" matrix="0.6712200046, -0.0000000000, 0.7412580252, 0.0000000000; 0.0000000000, 1.0000000000, 0.0000000000, 0.0000000000; -0.7412580252, -0.0000000000, 0.6712200046, 0.0000000000; 116.0449981689, 1.6100000143, 60.4808006287, 1.0000000000" freezeState="1" damping="0.1000000015, 0.1000000015, 0.1000000015, 0.1000000015" material="asphalt" mass="0.384"/>
	<object id="14" type="domino_small" matrix="0.7174180150, -0.0000000000, 0.6966429949, 0.0000000000; 0.0000000000, 1.0000000000, 0.0000000000, 0.0000000000; -0.6966429949, -0.0000000000, 0.7174180150, 0.0000000000; 117.8499984741, 1.6100000143, 58.7518005371, 1.0000000000" freezeState="1" damping="0.1000000015, 0.1000000015, 0.1000000015, 0.1000000015" material="asphalt" mass="0.384"/>
	<object id="15" type="domino_small" matrix="0.7766829729, -0.0000000000, 0.6298909783, 0.0000000000; 0.0000000000, 1.0000000000, 0.0000000000, 0.0000000000; -0.6298909783, -0.0000000000, 0.7766829729, 0.0000000000; 119.5240020752, 1.6100000143, 56.8978996277, 1.0000000000" freezeState="1" damping="0.1000000015, 0.1000000015, 0.1000000015, 0.1000000015" material="asphalt" mass="0.384"/>
	<object id="16" type="domino_small" matrix="0.8658329844, -0.0000000000, 0.5003340244, 0.0000000000; 0.0000000000, 1.0000000000, 0.0000000000, 0.0000000000; -0.5003340244, -0.0000000000, 0.8658329844, 0.0000000000; 120.9909973145, 1.6100000143, 54.8782005310, 1.0000000000" freezeState="1" damping="0.1000000015, 0.1000000015, 0.1000000015, 0.1000000015" material="asphalt" mass="0.384"/>
	<object id="17" type="domino_small" matrix="0.9260540009, -0.0000000000, 0.3773899972, 0.0000000000; 0.0000000000, 1.0000000000, 0.0000000000, 0.0000000000; -0.3773899972, -0.0000000000, 0.9260540009, 0.0000000000; 122.0070037842, 1.6100000143, 52.6016006470, 1.0000000000" freezeState="1" damping="0.1000000015, 0.1000000015, 0.1000000015, 0.1000000015" material="asphalt" mass="0.384"/>
	<object id="18" type="domino_small" matrix="0.9476349950, -0.0000000000, 0.3193539977, 0.0000000000; 0.0000000000, 1.0000000000, 0.0000000000, 0.0000000000; -0.3193539977, -0.0000000000, 0.9476349950, 0.0000000000; 122.8740005493, 1.6100000143, 50.2569007874, 1.0000000000" freezeState="1" damping="0.1000000015, 0.1000000015, 0.1000000015, 0.1000000015" material="asphalt" mass="0.384"/>
	<object id="19" type="domino_small" matrix="0.9565709829, -0.0000000000, 0.2914989889, 0.0000000000; 0.0000000000, 1.0000000000, 0.0000000000, 0.0000000000; -0.2914989889, -0.0000000000, 0.9565709829, 0.0000000000; 123.6029968262, 1.6100000143, 47.8655014038, 1.0000000000" freezeState="1" damping="0.1000000015, 0.1000000015, 0.1000000015, 0.1000000015" material="asphalt" mass="0.384"/>
	<object id="20" type="domino_small" matrix="0.9565709829, -0.0000000000, 0.2915009856, 0.0000000000; 0.0000000000, 1.0000000000, 0.0000000000, 0.0000000000; -0.2915009856, -0.0000000000, 0.9565709829, 0.0000000000; 124.3320007324, 1.6100000143, 45.4740982056, 1.0000000000" freezeState="1" damping="0.1000000015, 0.1000000015, 0.1000000015, 0.1000000015" material="asphalt" mass="0.384"/>
	<object id="21" type="domino_small" matrix="0.9600030184, -0.0000000000, 0.2799910009, 0.0000000000; 0.0000000000, 1.0000000000, 0.0000000000, 0.0000000000; -0.2799910009, -0.0000000000, 0.9600030184, 0.0000000000; 125.0609970093, 1.6100000143, 43.0825996399, 1.0000000000" freezeState="1" damping="0.1000000015, 0.1000000015, 0.1000000015, 0.1000000015" material="asphalt" mass="0.384"/>
	<object id="22" type="domino_small" matrix="0.9635080099, -0.0000000000, 0.2676819861, 0.0000000000; 0.0000000000, 1.0000000000, 0.0000000000, 0.0000000000; -0.2676819861, -0.0000000000, 0.9635080099, 0.0000000000; 125.7320022583, 1.6100000143, 40.6744003296, 1.0000000000" freezeState="1" damping="0.1000000015, 0.1000000015, 0.1000000015, 0.1000000015" material="asphalt" mass="0.384"/>
	<object id="23" type="domino_small" matrix="0.9637190104, -0.0000000000, 0.2669210136, 0.0000000000; 0.0000000000, 1.0000000000, 0.0000000000, 0.0000000000; -0.2669210136, -0.0000000000, 0.9637190104, 0.0000000000; 126.3990020752, 1.6100000143, 38.2652015686, 1.0000000000" freezeState="1" damping="0.1000000015, 0.1000000015, 0.1000000015, 0.1000000015" material="asphalt" mass="0.384"/>
	<object id="24" type="domino_small" matrix="0.9666429758, -0.0000000000, 0.2561259866, 0.0000000000; 0.0000000000, 1.0000000000, 0.0000000000, 0.0000000000; -0.2561259866, -0.0000000000, 0.9666429758, 0.0000000000; 127.0660018921, 1.6100000143, 35.8558998108, 1.0000000000" freezeState="1" damping="0.1000000015, 0.1000000015, 0.1000000015, 0.1000000015" material="asphalt" mass="0.384"/>
	<object id="25" type="domino_small" matrix="0.9706439972, -0.0000000000, 0.2405190021, 0.0000000000; 0.0000000000, 1.0000000000, 0.0000000000, 0.0000000000; -0.2405190021, -0.0000000000, 0.9706439972, 0.0000000000; 127.6800003052, 1.6100000143, 33.4324989319, 1.0000000000" freezeState="1" damping="0.1000000015, 0.1000000015, 0.1000000015, 0.1000000015" material="asphalt" mass="0.384"/>
	<object id="12" type="domino_small" matrix="-0.9872559905, 0.0000000000, -0.1591400057, 0.0000000000; 0.0000000000, 1.0000000000, 0.0000000000, 0.0000000000; 0.1591400057, 0.0000000000, -0.9872559905, 0.0000000000; 129.3549957275, 1.6001000404, 25.5055999756, 1.0000000000" freezeState="1" damping="0.1000000015, 0.1000000015, 0.1000000015, 0.1000000015" material="cradle" mass="2.384"/>
	<object id="15" type="domino_small" matrix="0.9718179703, -0.0000000000, 0.2357330024, 0.0000000000; 0.0000000000, 1.0000000000, 0.0000000000, 0.0000000000; -0.2357330024, -0.0000000000, 0.9718179703, 0.0000000000; 129.0910034180, 1.6001000404, 27.0340003967, 1.0000000000" freezeState="1" damping="0.1000000015, 0.1000000015, 0.1000000015, 0.1000000015" material="cradle" mass="2.384"/>
	<object id="16" type="domino_small" matrix="0.9718170166, -0.0000000000, 0.2357340008, 0.0000000000; 0.0000000000, 1.0000000000, 0.0000000000, 0.0000000000; -0.2357340008, -0.0000000000, 0.9718170166, 0.0000000000; 128.2689971924, 1.6100000143, 31.0030002594, 1.0000000000" freezeState="1" damping="0.1000000015, 0.1000000015, 0.1000000015, 0.1000000015" material="asphalt" mass="1.384"/>
	<object id="0" type="box" matrix="0.9999805093, -0.0030662243, 0.0054439851, 0.0000000000; 0.0021489069, 0.9869281650, 0.1611463279, 0.0000000000; -0.0058669331, -0.1611314863, 0.9869155288, 0.0000000000; 9.5227108002, 0.5578508973, -71.7751693726, 1.0000000000" width="1" height="1" depth="1" freezeState="0" damping="0.1000000015, 0.1000000015, 0.1000000015, 0.1000000015" material="crate" mass="0.5"/>
	<object id="3" type="sphere" matrix="0.0372103006, -0.0000000000, 0.9993069768, 0.0000000000; 0.0000000000, 1.0000000000, 0.0000000000, 0.0000000000; -0.9993069768, -0.0000000000, 0.0372103006, 0.0000000000; 9.4200000763, 9.6960000992, -81.2710037231, 1.0000000000" radius_x="1" radius_y="1" radius_z="1" freezeState="1" damping="0.1000000015, 0.1000000015, 0.1000000015, 0.1000000015" material="metal" mass="2.09439"/>
	<object id="17" type="domino_large" matrix="1.0000000000, 0.0000000000, 0.0000000000, 0.0000000000; 0.0000000000, 1.0000000000, 0.0000000000, 0.0000000000; 0.0000000000, 0.0000000000, 1.0000000000, 0.0000000000; 9.5434198380, 3.0000998974, -61.6087989807, 1.0000000000" freezeState="1" damping="0.1000000015, 0.1000000015, 0.1000000015, 0.1000000015" material="plankso" mass="2.531"/>
	<object id="18" type="domino_large" matrix="1.0000000000, 0.0000000000, 0.0000000000, 0.0000000000; 0.0000000000, 1.0000000000, 0.0000000000, 0.0000000000; 0.0000000000, 0.0000000000, 1.0000000000, 0.0000000000; 9.4898004532, 3.0000998974, -57.1398010254, 1.0000000000" freezeState="1" damping="0.1000000015, 0.1000000015, 0.1000000015, 0.1000000015" material="plankso" mass="2.531"/>
	<object id="19" type="domino_large" matrix="1.0000000000, 0.0000000000, 0.0000000000, 0.0000000000; 0.0000000000, 1.0000000000, 0.0000000000, 0.0000000000; 0.0000000000, 0.0000000000, 1.0000000000, 0.0000000000; 9.5769100189, 3.0000998974, -54.0262985229, 1.0000000000" freezeState="1" damping="0.1000000015, 0.1000000015, 0.1000000015, 0.1000000015" material="plankso" mass="2.531"/>
	<object id="21" type="domino_large" matrix="1.0000000000, 0.0000000000, 0.0000000000, 0.0000000000; 0.0000000000, 1.0000000000, 0.0000000000, 0.0000000000; 0.0000000000, 0.0000000000, 1.0000000000, 0.0000000000; 9.5331001282, 3.0000998974, -69.0897979736, 1.0000000000" freezeState="1" damping="0.1000000015, 0.1000000015, 0.1000000015, 0.1000000015" material="plankso" mass="0.531"/>
	<object id="22" type="domino_large" matrix="1.0000000000, 0.0000000000, 0.0000000000, 0.0000000000; 0.0000000000, 1.0000000000, 0.0000000000, 0.0000000000; 0.0000000000, 0.0000000000, 1.0000000000, 0.0000000000; 9.5850095749, 3.0000998974, -65.4000015259, 1.0000000000" freezeState="1" damping="0.1000000015, 0.1000000015, 0.1000000015, 0.1000000015" material="plankso" mass="1.531"/>
	<object id="24" type="domino_small" matrix="0.9999390244, -0.0000000000, 0.0110731004, 0.0000000000; 0.0000000000, 1.0000000000, 0.0000000000, 0.0000000000; -0.0110731004, -0.0000000000, 0.9999390244, 0.0000000000; 9.8502302170, 5.3386898041, -51.9594001770, 1.0000000000" freezeState="1" damping="0.1000000015, 0.1000000015, 0.1000000015, 0.1000000015" material="wood" mass="0.384"/>
	<object id="25" type="domino_small" matrix="0.9999390244, -0.0000000000, 0.0110731004, 0.0000000000; 0.0000000000, 1.0000000000, 0.0000000000, 0.0000000000; -0.0110731004, -0.0000000000, 0.9999390244, 0.0000000000; 9.8242902756, 5.6803998947, -49.6170997620, 1.0000000000" freezeState="1" damping="0.1000000015, 0.1000000015, 0.1000000015, 0.1000000015" material="wood" mass="0.384"/>
	<object id="26" type="domino_small" matrix="0.9999390244, -0.0000000000, 0.0110731004, 0.0000000000; 0.0000000000, 1.0000000000, 0.0000000000, 0.0000000000; -0.0110731004, -0.0000000000, 0.9999390244, 0.0000000000; 9.7983503342, 6.0221099854, -47.2747993469, 1.0000000000" freezeState="1" damping="0.1000000015, 0.1000000015, 0.1000000015, 0.1000000015" material="wood" mass="0.384"/>
	<object id="27" type="domino_small" matrix="0.9999390244, -0.0000000000, 0.0110731004, 0.0000000000; 0.0000000000, 1.0000000000, 0.0000000000, 0.0000000000; -0.0110731004, -0.0000000000, 0.9999390244, 0.0000000000; 9.7724103928, 6.3638300896, -44.9324989319, 1.0000000000" freezeState="1" damping="0.1000000015, 0.1000000015, 0.1000000015, 0.1000000015" material="wood" mass="0.384"/>
	<object id="28" type="domino_small" matrix="0.9999390244, -0.0000000000, 0.0110731004, 0.0000000000; 0.0000000000, 1.0000000000, 0.0000000000, 0.0000000000; -0.0110731004, -0.0000000000, 0.9999390244, 0.0000000000; 9.7464799881, 6.7055401802, -42.5900993347, 1.0000000000" freezeState="1" damping="0.1000000015, 0.1000000015, 0.1000000015, 0.1000000015" material="wood" mass="0.384"/>
	<object id="29" type="domino_small" matrix="0.9999390244, -0.0000000000, 0.0110731004, 0.0000000000; 0.0000000000, 1.0000000000, 0.0000000000, 0.0000000000; -0.0110731004, -0.0000000000, 0.9999390244, 0.0000000000; 9.7205400467, 7.0472598076, -40.2477989197, 1.0000000000" freezeState="1" damping="0.1000000015, 0.1000000015, 0.1000000015, 0.1000000015" material="wood" mass="0.384"/>
	<object id="30" type="domino_small" matrix="0.9999390244, -0.0000000000, 0.0110731004, 0.0000000000; 0.0000000000, 1.0000000000, 0.0000000000, 0.0000000000; -0.0110731004, -0.0000000000, 0.9999390244, 0.0000000000; 9.6946001053, 7.3889698982, -37.9054985046, 1.0000000000" freezeState="1" damping="0.1000000015, 0.1000000015, 0.1000000015, 0.1000000015" material="wood" mass="0.384"/>
	<object id="31" type="domino_small" matrix="0.9999390244, -0.0000000000, 0.0110731004, 0.0000000000; 0.0000000000, 1.0000000000, 0.0000000000, 0.0000000000; -0.0110731004, -0.0000000000, 0.9999390244, 0.0000000000; 9.6686601639, 7.7306799889, -35.5632019043, 1.0000000000" freezeState="1" damping="0.1000000015, 0.1000000015, 0.1000000015, 0.1000000015" material="wood" mass="0.384"/>
	<object id="32" type="domino_small" matrix="0.9999390244, -0.0000000000, 0.0110731004, 0.0000000000; 0.0000000000, 1.0000000000, 0.0000000000, 0.0000000000; -0.0110731004, -0.0000000000, 0.9999390244, 0.0000000000; 9.8568096161, 8.0612001419, -33.2294006348, 1.0000000000" freezeState="1" damping="0.1000000015, 0.1000000015, 0.1000000015, 0.1000000015" material="wood" mass="0.384"/>
	<object id="33" type="domino_small" matrix="0.9999390244, -0.0000000000, 0.0110731004, 0.0000000000; 0.0000000000, 1.0000000000, 0.0000000000, 0.0000000000; -0.0110731004, -0.0000000000, 0.9999390244, 0.0000000000; 9.9210796356, 8.3987598419, -30.9157009125, 1.0000000000" freezeState="1" damping="0.1000000015, 0.1000000015, 0.1000000015, 0.1000000015" material="wood" mass="0.384"/>
	<object id="34" type="domino_small" matrix="0.9999390244, -0.0000000000, 0.0110731004, 0.0000000000; 0.0000000000, 1.0000000000, 0.0000000000, 0.0000000000; -0.0110731004, -0.0000000000, 0.9999390244, 0.0000000000; 9.8943195343, 8.7392702103, -28.5813007355, 1.0000000000" freezeState="1" damping="0.1000000015, 0.1000000015, 0.1000000015, 0.1000000015" material="wood" mass="0.384"/>
	<object id="35" type="domino_small" matrix="0.9999390244, -0.0000000000, 0.0110731004, 0.0000000000; 0.0000000000, 1.0000000000, 0.0000000000, 0.0000000000; -0.0110731004, -0.0000000000, 0.9999390244, 0.0000000000; 9.8773603439, 9.0658302307, -26.3430995941, 1.0000000000" freezeState="1" damping="0.1000000015, 0.1000000015, 0.1000000015, 0.1000000015" material="wood" mass="0.384"/>
	<object id="36" type="domino_small" matrix="0.9999390244, -0.0000000000, 0.0110731004, 0.0000000000; 0.0000000000, 1.0000000000, 0.0000000000, 0.0000000000; -0.0110731004, -0.0000000000, 0.9999390244, 0.0000000000; 9.9054698944, 9.4097499847, -23.9853992462, 1.0000000000" freezeState="1" damping="0.1000000015, 0.1000000015, 0.1000000015, 0.1000000015" material="wood" mass="0.384"/>
	<object id="37" type="domino_small" matrix="0.9999390244, -0.0000000000, 0.0110731004, 0.0000000000; 0.0000000000, 1.0000000000, 0.0000000000, 0.0000000000; -0.0110731004, -0.0000000000, 0.9999390244, 0.0000000000; 9.8883304596, 9.7405500412, -21.7178993225, 1.0000000000" freezeState="1" damping="0.1000000015, 0.1000000015, 0.1000000015, 0.1000000015" material="wood" mass="0.384"/>
	<object id="38" type="domino_small" matrix="0.9999390244, -0.0000000000, 0.0110731004, 0.0000000000; 0.0000000000, 1.0000000000, 0.0000000000, 0.0000000000; -0.0110731004, -0.0000000000, 0.9999390244, 0.0000000000; 9.8115100861, 10.0770998001, -19.4113006592, 1.0000000000" freezeState="1" damping="0.1000000015, 0.1000000015, 0.1000000015, 0.1000000015" material="wood" mass="0.384"/>
	<object id="39" type="domino_small" matrix="0.9999390244, -0.0000000000, 0.0110731004, 0.0000000000; 0.0000000000, 1.0000000000, 0.0000000000, 0.0000000000; -0.0110731004, -0.0000000000, 0.9999390244, 0.0000000000; 9.8490896225, 10.4069004059, -17.1504001617, 1.0000000000" freezeState="1" damping="0.1000000015, 0.1000000015, 0.1000000015, 0.1000000015" material="wood" mass="0.384"/>
	<object id="56" type="domino_small" matrix="1.0000000000, -0.0000000000, -0.0010381900, 0.0000000000; 0.0000000000, 1.0000000000, 0.0000000000, 0.0000000000; 0.0010381900, -0.0000000000, 1.0000000000, 0.0000000000; 9.8523502350, 5.5157699585, -50.7396011353, 1.0000000000" freezeState="1" damping="0.1000000015, 0.1000000015, 0.1000000015, 0.1000000015" material="wood" mass="0.384"/>
	<object id="57" type="domino_small" matrix="1.0000000000, -0.0000000000, -0.0010381900, 0.0000000000; 0.0000000000, 1.0000000000, 0.0000000000, 0.0000000000; 0.0010381900, -0.0000000000, 1.0000000000, 0.0000000000; 9.8547601700, 5.8542098999, -48.4197998047, 1.0000000000" freezeState="1" damping="0.1000000015, 0.1000000015, 0.1000000015, 0.1000000015" material="wood" mass="0.384"/>
	<object id="58" type="domino_small" matrix="1.0000000000, -0.0000000000, -0.0010381900, 0.0000000000; 0.0000000000, 1.0000000000, 0.0000000000, 0.0000000000; 0.0010381900, -0.0000000000, 1.0000000000, 0.0000000000; 9.8571701050, 6.1925802231, -46.0999984741, 1.0000000000" freezeState="1" damping="0.1000000015, 0.1000000015, 0.1000000015, 0.1000000015" material="wood" mass="0.384"/>
	<object id="59" type="domino_small" matrix="1.0000000000, -0.0000000000, -0.0010381900, 0.0000000000; 0.0000000000, 1.0000000000, 0.0000000000, 0.0000000000; 0.0010381900, -0.0000000000, 1.0000000000, 0.0000000000; 9.7508602142, 6.5182499886, -43.7999992371, 1.0000000000" freezeState="1" damping="0.1000000015, 0.1000000015, 0.1000000015, 0.1000000015" material="wood" mass="0.384"/>
	<object id="60" type="domino_small" matrix="1.0000000000, -0.0000000000, -0.0010381900, 0.0000000000; 0.0000000000, 1.0000000000, 0.0000000000, 0.0000000000; 0.0010381900, -0.0000000000, 1.0000000000, 0.0000000000; 9.8068199158, 6.8593101501, -41.4621009827, 1.0000000000" freezeState="1" damping="0.1000000015, 0.1000000015, 0.1000000015, 0.1000000015" material="wood" mass="0.384"/>
	<object id="61" type="domino_small" matrix="1.0000000000, -0.0000000000, -0.0010381900, 0.0000000000; 0.0000000000, 1.0000000000, 0.0000000000, 0.0000000000; 0.0010381900, -0.0000000000, 1.0000000000, 0.0000000000; 9.6489696503, 7.1908302307, -39.1897010803, 1.0000000000" freezeState="1" damping="0.1000000015, 0.1000000015, 0.1000000015, 0.1000000015" material="wood" mass="0.384"/>
	<object id="62" type="domino_small" matrix="1.0000000000, -0.0000000000, -0.0010381900, 0.0000000000; 0.0000000000, 1.0000000000, 0.0000000000, 0.0000000000; 0.0010381900, -0.0000000000, 1.0000000000, 0.0000000000; 9.7173004150, 7.5488500595, -36.7354011536, 1.0000000000" freezeState="1" damping="0.1000000015, 0.1000000015, 0.1000000015, 0.1000000015" material="wood" mass="0.384"/>
	<object id="63" type="domino_small" matrix="1.0000000000, -0.0000000000, -0.0010381900, 0.0000000000; 0.0000000000, 1.0000000000, 0.0000000000, 0.0000000000; 0.0010381900, -0.0000000000, 1.0000000000, 0.0000000000; 9.6704998016, 7.8887400627, -34.4057006836, 1.0000000000" freezeState="1" damping="0.1000000015, 0.1000000015, 0.1000000015, 0.1000000015" material="wood" mass="0.384"/>
	<object id="64" type="domino_small" matrix="1.0000000000, -0.0000000000, -0.0010381900, 0.0000000000; 0.0000000000, 1.0000000000, 0.0000000000, 0.0000000000; 0.0010381900, -0.0000000000, 1.0000000000, 0.0000000000; 9.8716201782, 8.2231397629, -32.1811981201, 1.0000000000" freezeState="1" damping="0.1000000015, 0.1000000015, 0.1000000015, 0.1000000015" material="wood" mass="0.384"/>
	<object id="65" type="domino_small" matrix="1.0000000000, -0.0000000000, -0.0010381900, 0.0000000000; 0.0000000000, 1.0000000000, 0.0000000000, 0.0000000000; 0.0010381900, -0.0000000000, 1.0000000000, 0.0000000000; 9.8740301132, 8.5615701675, -29.8612995148, 1.0000000000" freezeState="1" damping="0.1000000015, 0.1000000015, 0.1000000015, 0.1000000015" material="wood" mass="0.384"/>
	<object id="66" type="domino_small" matrix="1.0000000000, -0.0000000000, -0.0010381900, 0.0000000000; 0.0000000000, 1.0000000000, 0.0000000000, 0.0000000000; 0.0010381900, -0.0000000000, 1.0000000000, 0.0000000000; 9.8764400482, 8.9000101089, -27.5415000916, 1.0000000000" freezeState="1" damping="0.1000000015, 0.1000000015, 0.1000000015, 0.1000000015" material="wood" mass="0.384"/>
	<object id="67" type="domino_small" matrix="1.0000000000, -0.0000000000, -0.0010381900, 0.0000000000; 0.0000000000, 1.0000000000, 0.0000000000, 0.0000000000; 0.0010381900, -0.0000000000, 1.0000000000, 0.0000000000; 9.8788499832, 9.2383804321, -25.2217006683, 1.0000000000" freezeState="1" damping="0.1000000015, 0.1000000015, 0.1000000015, 0.1000000015" material="wood" mass="0.384"/>
