<?xml version="1.0" encoding="utf-8"?>
<level>
	<compound id="0" matrix="-4.37114e-08, 0, -1, 0; 0, 1, 0, 0; 1, 0, -4.37114e-08, 0; 0, 42.9159, -25, 1">
		<object id="0" type="box" matrix="0.0438754, -3.5522e-06, -0.999037, 0; 4.67688e-05, 1, -1.50164e-06, 0; 0.999037, -4.66578e-05, 0.0438754, 0; -10.9559, 0.726859, 304.253, 1" width="5" height="0.5" depth="2.5" freezeState="0" damping="0.1, 0.1, 0.1, 0.1" material="yellow" mass="5"/>
		<object id="1" type="chamfercylinder" matrix="-0.999037, 0.000145135, -0.0438747, 0; 0.0428438, 0.218752, -0.97484, 0; 0.00945622, -0.975781, -0.218548, 0; -12.4283, 0.732477, 306.44, 1" height="0.2" radius="0.75" freezeState="0" damping="0.1, 0.1, 0.1, 0.1" material="yellow" mass="0.1"/>
		<object id="2" type="chamfercylinder" matrix="-0.999037, 0.000125833, -0.0438748, 0; 0.0398241, 0.422277, -0.905592, 0; 0.0184134, -0.906467, -0.421876, 0; -12.2309, 0.732448, 301.945, 1" height="0.2" radius="0.75" freezeState="0" damping="0.1, 0.1, 0.1, 0.1" material="yellow" mass="0.1"/>
		<object id="3" type="chamfercylinder" matrix="-0.999037, 0.000123763, -0.0438749, 0; 0.0168652, -0.922084, -0.386624, 0; -0.0405042, -0.386992, 0.921193, 0; -9.68097, 0.732426, 306.561, 1" height="0.2" radius="0.75" freezeState="0" damping="0.1, 0.1, 0.1, 0.1" material="yellow" mass="0.1"/>
		<object id="4" type="chamfercylinder" matrix="-0.999037, 0.000128455, -0.0438747, 0; 0.0425372, 0.247885, -0.967855, 0; 0.0107516, -0.96879, -0.247652, 0; -9.48353, 0.732388, 302.065, 1" height="0.2" radius="0.75" freezeState="0" damping="0.1, 0.1, 0.1, 0.1" material="yellow" mass="0.1"/>
		<joint type="hinge" parentID="1" childID="0" pivot="-1.375, 42.9159, -22.75" pinDir="1, 0, -4.37114e-08"/>
		<joint type="hinge" parentID="2" childID="0" pivot="-1.375, 42.9159, -27.25" pinDir="1, 0, -4.37114e-08"/>
		<joint type="hinge" parentID="3" childID="0" pivot="1.375, 42.9159, -22.75" pinDir="1, 0, -4.37114e-08"/>
		<joint type="hinge" parentID="4" childID="0" pivot="1.375, 42.9159, -27.25" pinDir="1, 0, -4.37114e-08"/>
	</compound>
	<domino_small id="0" matrix="0.822294, -0, -0.569063, 0; 0, 1, 0, 0; 0.569063, -0, 0.822294, 0; 51.7609, 3.00011, 20.4019, 1"/>
	<domino_middle id="1" matrix="0.822294, -0, -0.569062, 0; 0, 1, 0, 0; 0.569062, -0, 0.822294, 0; 60.2296, 4.00011, 11.8641, 1"/>
	<domino_large id="2" matrix="0.82229, -0, -0.569069, 0; 0, 1, 0, 0; 0.569069, -0, 0.82229, 0; 66.3867, 5.00011, 4.6411, 1"/>
	<object id="3" type="box" matrix="0.82229, -0, -0.569069, 0; 0, 1, 0, 0; 0.569069, -0, 0.82229, 0; 67.5093, 0.493756, -3.40174, 1" width="1" height="1" depth="1" freezeState="0" damping="0.1, 0.1, 0.1, 0.1" material="yellow" mass="0.5"/>
	<object id="4" type="sphere" matrix="0.39307, -0, -0.919509, 0; 0, 1, 0, 0; 0.919509, -0, 0.39307, 0; 69.8156, 0.996068, -12.4715, 1" radius_x="1" radius_y="1" radius_z="1" freezeState="0" damping="0.1, 0.1, 0.1, 0.1" material="yellow" mass="2.09439"/>
	<object id="5" type="cylinder" matrix="-0.759825, 0.0040119, -0.650115, 0; 0.626239, 0.273099, -0.730234, 0; 0.174616, -0.961978, -0.21002, 0; 101.487, 0.995979, -38.543, 1" freezeState="0" damping="0.1, 0.1, 0.1, 0.1" material="yellow" mass="2.82843"/>
	<object id="509" type="chamfercylinder" matrix="-0.00192821, 0.999994, 0.00277102, 0; -0.446896, -0.00334072, 0.89458, 0; 0.894584, 0.000486463, 0.4469, 0; 105.83, 1.14409, -56.599, 1" height="2.3" radius="3.251" freezeState="0" damping="0.1, 0.1, 0.1, 0.1" material="yellow" mass="27.9202"/>
	<object id="641" type="capsule" matrix="0.393107, -0.000133395, -0.919493, 0; -0.44469, 0.875247, -0.190243, 0; 0.804809, 0.483676, 0.344006, 0; 108.015, 2.94243, -46.7111, 1" freezeState="0" damping="0.1, 0.1, 0.1, 0.1" material="yellow" mass="154.536"/>
	<object id="728" type="cone" matrix="0.993433, -0.113832, -0.0114998, 0; -0.0246954, -0.1152, -0.993035, 0; 0.111715, 0.986798, -0.117255, 0; 104.19, 0.391412, -6.25884, 1" freezeState="0" damping="0.1, 0.1, 0.1, 0.1" material="yellow" mass="2.09681"/>
	<environment/>
</level>

