<?xml version="1.0" encoding="utf-8"?>
<level>
	<compound id="0" matrix="-4.37114e-08, 0, -1, 0; 0, 1, 0, 0; 1, 0, -4.37114e-08, 0; 0, 42.9159, -25, 1">
		<object id="0" type="box" matrix="0.0438754, -3.5522e-06, -0.999037, 0; 4.67688e-05, 1, -1.50164e-06, 0; 0.999037, -4.66578e-05, 0.0438754, 0; -10.9559, 0.726859, 304.253, 1" width="5" height="0.5" depth="2.5" freezeState="0" damping="0.1, 0.1, 0.1, 0.1" material="yellow" mass="5"/>
		<object id="1" type="chamfercylinder" matrix="-0.999037, 0.000145135, -0.0438747, 0; 0.0428438, 0.218752, -0.97484, 0; 0.00945622, -0.975781, -0.218548, 0; -12.4283, 0.732477, 306.44, 1" height="0.2" radius="0.75" freezeState="0" damping="0.1, 0.1, 0.1, 0.1" material="yellow" mass="0.1"/>
		<object id="2" type="chamfercylinder" matrix="-0.999037, 0.000125833, -0.0438748, 0; 0.0398241, 0.422277, -0.905592, 0; 0.0184134, -0.906467, -0.421876, 0; -12.2309, 0.732448, 301.945, 1" height="0.2" radius="0.75" freezeState="0" damping="0.1, 0.1, 0.1, 0.1" material="yellow" mass="0.1"/>
		<object id="3" type="chamfercylinder" matrix="-0.999037, 0.000123763, -0.0438749, 0; 0.0168652, -0.922084, -0.386624, 0; -0.0405042, -0.386992, 0.921193, 0; -9.68097, 0.732426, 306.561, 1" height="0.2" radius="0.75" freezeState="0" damping="0.1, 0.1, 0.1, 0.1" material="yellow" mass="0.1"/>
		<object id="4" type="chamfercylinder" matrix="-0.999037, 0.000128455, -0.0438747, 0; 0.0425372, 0.247885, -0.967855, 0; 0.0107516, -0.96879, -0.247652, 0; -9.48353, 0.732388, 302.065, 1" height="0.2" radius="0.75" freezeState="0" damping="0.1, 0.1, 0.1, 0.1" material="yellow" mass="0.1"/>
		<joint type="hinge" parentID="1" childID="0" pivot="-1.375, 42.9159, -22.75" pinDir="1, 0, -4.37114e-08"/>
		<joint type="hinge" parentID="2" childID="0" pivot="-1.375, 42.9159, -27.25" pinDir="1, 0, -4.37114e-08"/>
		<joint type="hinge" parentID="3" childID="0" pivot="1.375, 42.9159, -22.75" pinDir="1, 0, -4.37114e-08"/>
		<joint type="hinge" parentID="4" childID="0" pivot="1.375, 42.9159, -27.25" pinDir="1, 0, -4.37114e-08"/>
	</compound>
	<environment/>
</level>

