<?xml version="1.0" encoding="utf-8"?>
<level gravity="9.84" position="128.38, 18.8099, 30.3483" eye="128.392, 17.8721, 30.0042" up="0, 1, 0">
	<object id="20" type="domino_small" matrix="-0.289261, -0, 0.95725, 0; 0, 1, 0, 0; -0.95725, 0, -0.289261, 0; 26.1527, 1.61, 52.6274, 1" freezeState="1" damping="0.1, 0.1, 0.1, 0.1" material="asphalt" mass="0.384"/>
	<object id="21" type="domino_small" matrix="-0.254989, -0, 0.966944, 0; 0, 1, 0, 0; -0.966944, 0, -0.254989, 0; 28.5618, 1.61, 53.2934, 1" freezeState="1" damping="0.1, 0.1, 0.1, 0.1" material="asphalt" mass="0.384"/>
	<object id="22" type="domino_small" matrix="-0.242721, -0, 0.970096, 0; 0, 1, 0, 0; -0.970096, 0, -0.242721, 0; 30.9865, 1.61, 53.9021, 1" freezeState="1" damping="0.1, 0.1, 0.1, 0.1" material="asphalt" mass="0.384"/>
	<object id="23" type="domino_small" matrix="-0.239158, -0, 0.970981, 0; 0, 1, 0, 0; -0.970981, 0, -0.239158, 0; 33.4122, 1.61, 54.507, 1" freezeState="1" damping="0.1, 0.1, 0.1, 0.1" material="asphalt" mass="0.384"/>
	<object id="24" type="domino_small" matrix="-0.236372, -0, 0.971663, 0; 0, 1, 0, 0; -0.971663, 0, -0.236372, 0; 35.8414, 1.61, 55.0979, 1" freezeState="1" damping="0.1, 0.1, 0.1, 0.1" material="asphalt" mass="0.384"/>
	<object id="25" type="domino_small" matrix="-0.236373, -0, 0.971662, 0; 0, 1, 0, 0; -0.971662, 0, -0.236373, 0; 38.2706, 1.61, 55.6888, 1" freezeState="1" damping="0.1, 0.1, 0.1, 0.1" material="asphalt" mass="0.384"/>
	<object id="26" type="domino_small" matrix="-0.236373, -0, 0.971662, 0; 0, 1, 0, 0; -0.971662, 0, -0.236373, 0; 40.6997, 1.61, 56.2798, 1" freezeState="1" damping="0.1, 0.1, 0.1, 0.1" material="asphalt" mass="0.384"/>
	<object id="27" type="domino_small" matrix="-0.25085, -0, 0.968026, 0; 0, 1, 0, 0; -0.968026, 0, -0.25085, 0; 43.1289, 1.61, 56.8707, 1" freezeState="1" damping="0.1, 0.1, 0.1, 0.1" material="asphalt" mass="0.384"/>
	<object id="28" type="domino_small" matrix="-0.275091, -0, 0.961418, 0; 0, 1, 0, 0; -0.961418, 0, -0.275091, 0; 45.5386, 1.61, 57.5337, 1" freezeState="1" damping="0.1, 0.1, 0.1, 0.1" material="asphalt" mass="0.384"/>
	<object id="29" type="domino_small" matrix="-0.284876, -0, 0.958564, 0; 0, 1, 0, 0; -0.958564, 0, -0.284876, 0; 47.935, 1.61, 58.2459, 1" freezeState="1" damping="0.1, 0.1, 0.1, 0.1" material="asphalt" mass="0.384"/>
	<object id="30" type="domino_small" matrix="-0.284876, -0, 0.958564, 0; 0, 1, 0, 0; -0.958564, 0, -0.284876, 0; 50.3314, 1.61, 58.9581, 1" freezeState="1" damping="0.1, 0.1, 0.1, 0.1" material="asphalt" mass="0.384"/>
	<object id="31" type="domino_small" matrix="-0.284876, -0, 0.958564, 0; 0, 1, 0, 0; -0.958564, 0, -0.284876, 0; 52.7278, 1.61, 59.6702, 1" freezeState="1" damping="0.1, 0.1, 0.1, 0.1" material="asphalt" mass="0.384"/>
	<object id="32" type="domino_small" matrix="-0.284876, -0, 0.958564, 0; 0, 1, 0, 0; -0.958564, 0, -0.284876, 0; 55.1242, 1.61, 60.3824, 1" freezeState="1" damping="0.1, 0.1, 0.1, 0.1" material="asphalt" mass="0.384"/>
	<object id="33" type="domino_small" matrix="-0.284875, -0, 0.958565, 0; 0, 1, 0, 0; -0.958565, 0, -0.284875, 0; 57.5206, 1.61, 61.0946, 1" freezeState="1" damping="0.1, 0.1, 0.1, 0.1" material="asphalt" mass="0.384"/>
	<object id="366" type="box" matrix="1, 0, 0, 0; 0, 0.989526, -0.144356, 0; 0, 0.144356, 0.989526, 0; 9.68321, 6.13802, -33.4324, 1" width="11.2" height="0.55" depth="37.9" freezeState="0" damping="0.1, 0.1, 0.1, 0.1" material="asphalt" mass="0"/>
	<compound id="1" matrix="-4.37114e-08, 0, -1, 0; 0, 1, 0, 0; 1, 0, -4.37114e-08, 0; 9.42509, 0.452528, -76.7707, 1">
		<object id="0" type="box" matrix="6.70649e-08, 0.707107, -0.70711, 0; -6.70649e-08, 0.707107, 0.70711, 0; 1, 0, 2.56142e-07, 0; 9.42503, -0.047485, -76.7706, 1" width="2" height="2" depth="4" freezeState="0" damping="0.1, 0.1, 0.1, 0.1" material="plankso" mass="0"/>
		<object id="1" type="box" matrix="-0.000951529, 0.277028, -0.960861, 0; 0.00177987, 0.960861, 0.277026, 0; 0.999998, -0.00144663, -0.00140738, 0; 9.42602, 1.39985, -76.7742, 1" width="10" height="0.05" depth="3" freezeState="0" damping="0.1, 0.1, 0.1, 0.1" material="planks" mass="2.5"/>
		<joint type="hinge" parentID="1" childID="0" pivot="9.42503, 1.40252, -76.7706" pinDir="1, 0, 1.10607e-05" limited="0"/>
	</compound>
	<compound id="18" matrix="-0.977564, 0, -0.210641, 0; 0, 1, 0, 0; 0.210641, -0, -0.977564, 0; 75.7179, 2.63064, 65.6071, 1">
		<object id="0" type="box" matrix="-0.977564, 0, -0.210641, 0; 0, 1.00004, 0, 0; 0.210641, 0, -0.977564, 0; 75.7194, 7.13092, 65.6083, 1.00004" width="16.8" height="0.5" depth="0.5" freezeState="134923048" damping="0, 0, 0, 0" material="cradle" mass="0"/>
		<object id="1" type="box" matrix="-0.977563, 7.4155e-06, -0.210642, 0; -0.000314279, 0.999999, 0.00149373, 0; 0.210642, 0.00152642, -0.977562, 0; 83.5406, 4.46872, 67.2897, 1" width="0.05" height="5" depth="0.15" freezeState="134923048" damping="0, 0, 0, 0" material="cradle" mass="0.05"/>
		<object id="2" type="sphere" matrix="-0.977564, 0.00026459, -0.21064, 0; -0.000422676, 0.999995, 0.00321773, 0; 0.21064, 0.00323456, -0.977558, 0; 83.5414, 2.3832, 67.2868, 1" radius_x="2" radius_y="2" radius_z="2" freezeState="134923048" damping="0, 0, 0, 0" material="cradle" mass="5"/>
		<object id="3" type="box" matrix="-0.977563, 1.00844e-05, -0.210644, 0; -0.000311258, 0.999999, 0.00149237, 0; 0.210644, 0.00152445, -0.977562, 0; 79.6302, 4.46872, 66.4472, 1" width="0.05" height="5" depth="0.15" freezeState="134923048" damping="0, 0, 0, 0" material="cradle" mass="0.05"/>
		<object id="4" type="sphere" matrix="-0.977564, 0.000243009, -0.21064, 0; -0.000443795, 0.999995, 0.00321328, 0; 0.21064, 0.00323466, -0.977558, 0; 79.6311, 2.3832, 66.4443, 1" radius_x="2" radius_y="2" radius_z="2" freezeState="134923048" damping="0, 0, 0, 0" material="cradle" mass="5"/>
		<object id="5" type="box" matrix="-0.977563, 8.0716e-06, -0.210644, 0; -0.000313769, 0.999999, 0.00149447, 0; 0.210644, 0.00152703, -0.977562, 0; 75.72, 4.46872, 65.6045, 1" width="0.05" height="5" depth="0.15" freezeState="134923048" damping="0, 0, 0, 0" material="cradle" mass="0.05"/>
		<object id="6" type="sphere" matrix="-0.977564, 0.000262587, -0.21064, 0; -0.000424741, 0.999995, 0.00321779, 0; 0.21064, 0.00323506, -0.977558, 0; 75.7209, 2.3832, 65.6017, 1" radius_x="2" radius_y="2" radius_z="2" freezeState="134923048" damping="0, 0, 0, 0" material="cradle" mass="5"/>
		<object id="7" type="box" matrix="-0.977563, 4.59861e-06, -0.210644, 0; -0.000316624, 0.999999, 0.00149123, 0; 0.210644, 0.00152447, -0.977562, 0; 71.8097, 4.46872, 64.7619, 1" width="0.05" height="5" depth="0.15" freezeState="134923048" damping="0, 0, 0, 0" material="cradle" mass="0.05"/>
		<object id="8" type="sphere" matrix="-0.977564, 0.000263225, -0.21064, 0; -0.000424052, 0.999995, 0.00321763, 0; 0.21064, 0.00323476, -0.977558, 0; 71.8106, 2.3832, 64.7591, 1" radius_x="2" radius_y="2" radius_z="2" freezeState="134923048" damping="0, 0, 0, 0" material="cradle" mass="5"/>
		<object id="9" type="box" matrix="-0.977563, 2.52624e-06, -0.210643, 0; -0.000318342, 0.999999, 0.00148937, 0; 0.210642, 0.00152301, -0.977562, 0; 67.8994, 4.46872, 63.9195, 1" width="0.05" height="5" depth="0.15" freezeState="134923048" damping="0, 0, 0, 0" material="cradle" mass="0.05"/>
		<object id="10" type="sphere" matrix="-0.977564, 1.58742e-05, -0.21064, 0; -0.000665008, 0.999995, 0.00316162, 0; 0.210639, 0.00323076, -0.977559, 0; 67.9003, 2.3832, 63.9164, 1" radius_x="2" radius_y="2" radius_z="2" freezeState="134923048" damping="0, 0, 0, 0" material="cradle" mass="5"/>
		<joint type="hinge" parentID="2" childID="1" pivot="83.5413, 2.46441, 67.2867" pinDir="0.210642, 0.00152642, -0.977562" limited="0"/>
		<joint type="hinge" parentID="1" childID="0" pivot="83.5399, 7.03044, 67.2934" pinDir="0.210641, 0, -0.977564" limited="0"/>
		<joint type="hinge" parentID="4" childID="3" pivot="79.631, 2.46441, 66.4442" pinDir="0.210644, 0.00152445, -0.977562" limited="0"/>
		<joint type="hinge" parentID="3" childID="0" pivot="79.6296, 7.03044, 66.4509" pinDir="0.210641, 0, -0.977564" limited="0"/>
		<joint type="hinge" parentID="6" childID="5" pivot="75.7208, 2.46441, 65.6016" pinDir="0.210644, 0.00152693, -0.977562" limited="0"/>
		<joint type="hinge" parentID="5" childID="0" pivot="75.7194, 7.03044, 65.6083" pinDir="0.210641, 0, -0.977564" limited="0"/>
		<joint type="hinge" parentID="8" childID="7" pivot="71.8105, 2.46441, 64.759" pinDir="0.210644, 0.00152446, -0.977562" limited="0"/>
		<joint type="hinge" parentID="7" childID="0" pivot="71.8091, 7.03044, 64.7657" pinDir="0.210641, 0, -0.977564" limited="0"/>
		<joint type="hinge" parentID="10" childID="9" pivot="67.9002, 2.46441, 63.9164" pinDir="0.210639, 0.00152292, -0.977563" limited="0"/>
		<joint type="hinge" parentID="9" childID="0" pivot="67.8988, 7.03044, 63.9232" pinDir="0.210641, 0, -0.977564" limited="0"/>
	</compound>
	<object id="22" type="domino_small" matrix="0.284347, -0, -0.958721, 0; 0, 1, 0, 0; 0.958721, -0, 0.284347, 0; 64.7099, 1.61, 63.2312, 1" freezeState="1" damping="0.1, 0.1, 0.1, 0.1" material="cradle" mass="3.384"/>
	<object id="25" type="domino_small" matrix="-0.284876, -0, 0.958564, 0; 0, 1, 0, 0; -0.958564, 0, -0.284876, 0; 62.3134, 1.61, 62.519, 1" freezeState="1" damping="0.1, 0.1, 0.1, 0.1" material="cradle" mass="2.384"/>
	<object id="27" type="domino_small" matrix="-0.284876, -0, 0.958564, 0; 0, 1, 0, 0; -0.958564, 0, -0.284876, 0; 59.917, 1.61, 61.8068, 1" freezeState="1" damping="0.1, 0.1, 0.1, 0.1" material="cradle" mass="1.384"/>
	<object id="0" type="domino_small" matrix="0.161079, -0, -0.986942, 0; 0, 1, 0, 0; 0.986942, -0, 0.161079, 0; 86.1236, 1.61, 67.4896, 1" freezeState="1" damping="0.1, 0.1, 0.1, 0.1" material="asphalt" mass="0.384"/>
	<object id="1" type="domino_small" matrix="-0.198057, -0, 0.98019, 0; 0, 1, 0, 0; -0.98019, 0, -0.198057, 0; 88.574, 1.61, 67.9847, 1" freezeState="1" damping="0.1, 0.1, 0.1, 0.1" material="asphalt" mass="0.384"/>
	<object id="2" type="domino_small" matrix="-0.184709, -0, 0.982793, 0; 0, 1, 0, 0; -0.982793, 0, -0.184709, 0; 91.0245, 1.61, 68.4798, 1" freezeState="1" damping="0.1, 0.1, 0.1, 0.1" material="asphalt" mass="0.384"/>
	<object id="3" type="domino_small" matrix="-0.154881, -0, 0.987933, 0; 0, 1, 0, 0; -0.987933, 0, -0.154881, 0; 93.4874, 1.61, 68.9081, 1" freezeState="1" damping="0.1, 0.1, 0.1, 0.1" material="asphalt" mass="0.384"/>
	<object id="4" type="domino_small" matrix="-0.0775907, -0, 0.996985, 0; 0, 1, 0, 0; -0.996985, 0, -0.0775907, 0; 95.9625, 1.61, 69.254, 1" freezeState="1" damping="0.1, 0.1, 0.1, 0.1" material="asphalt" mass="0.384"/>
	<object id="5" type="domino_small" matrix="0.0623921, -0, 0.998052, 0; 0, 1, 0, 0; -0.998052, -0, 0.0623921, 0; 98.4595, 1.61, 69.2951, 1" freezeState="1" damping="0.1, 0.1, 0.1, 0.1" material="asphalt" mass="0.384"/>
	<object id="6" type="domino_small" matrix="0.213092, -0, 0.977032, 0; 0, 1, 0, 0; -0.977032, -0, 0.213092, 0; 100.932, 1.61, 68.9434, 1" freezeState="1" damping="0.1, 0.1, 0.1, 0.1" material="asphalt" mass="0.384"/>
	<object id="7" type="domino_small" matrix="0.325137, -0, 0.945667, 0; 0, 1, 0, 0; -0.945667, -0, 0.325137, 0; 103.327, 1.61, 68.2335, 1" freezeState="1" damping="0.1, 0.1, 0.1, 0.1" material="asphalt" mass="0.384"/>
	<object id="8" type="domino_small" matrix="0.397545, -0, 0.917583, 0; 0, 1, 0, 0; -0.917583, -0, 0.397545, 0; 105.653, 1.61, 67.3199, 1" freezeState="1" damping="0.1, 0.1, 0.1, 0.1" material="asphalt" mass="0.384"/>
	<object id="9" type="domino_small" matrix="0.463544, -0, 0.886074, 0; 0, 1, 0, 0; -0.886074, -0, 0.463544, 0; 107.91, 1.61, 66.2477, 1" freezeState="1" damping="0.1, 0.1, 0.1, 0.1" material="asphalt" mass="0.384"/>
	<object id="10" type="domino_small" matrix="0.526296, -0, 0.850302, 0; 0, 1, 0, 0; -0.850302, -0, 0.526296, 0; 110.078, 1.61, 65.005, 1" freezeState="1" damping="0.1, 0.1, 0.1, 0.1" material="asphalt" mass="0.384"/>
	<object id="11" type="domino_small" matrix="0.58045, -0, 0.814295, 0; 0, 1, 0, 0; -0.814295, -0, 0.58045, 0; 112.158, 1.61, 63.6189, 1" freezeState="1" damping="0.1, 0.1, 0.1, 0.1" material="asphalt" mass="0.384"/>
	<object id="12" type="domino_small" matrix="0.628106, -0, 0.778128, 0; 0, 1, 0, 0; -0.778128, -0, 0.628106, 0; 114.146, 1.61, 62.1054, 1" freezeState="1" damping="0.1, 0.1, 0.1, 0.1" material="asphalt" mass="0.384"/>
	<object id="13" type="domino_small" matrix="0.67122, -0, 0.741258, 0; 0, 1, 0, 0; -0.741258, -0, 0.67122, 0; 116.045, 1.61, 60.4808, 1" freezeState="1" damping="0.1, 0.1, 0.1, 0.1" material="asphalt" mass="0.384"/>
	<object id="14" type="domino_small" matrix="0.717418, -0, 0.696643, 0; 0, 1, 0, 0; -0.696643, -0, 0.717418, 0; 117.85, 1.61, 58.7518, 1" freezeState="1" damping="0.1, 0.1, 0.1, 0.1" material="asphalt" mass="0.384"/>
	<object id="15" type="domino_small" matrix="0.776683, -0, 0.629891, 0; 0, 1, 0, 0; -0.629891, -0, 0.776683, 0; 119.524, 1.61, 56.8979, 1" freezeState="1" damping="0.1, 0.1, 0.1, 0.1" material="asphalt" mass="0.384"/>
	<object id="16" type="domino_small" matrix="0.865833, -0, 0.500334, 0; 0, 1, 0, 0; -0.500334, -0, 0.865833, 0; 120.991, 1.61, 54.8782, 1" freezeState="1" damping="0.1, 0.1, 0.1, 0.1" material="asphalt" mass="0.384"/>
	<object id="17" type="domino_small" matrix="0.926054, -0, 0.37739, 0; 0, 1, 0, 0; -0.37739, -0, 0.926054, 0; 122.007, 1.61, 52.6016, 1" freezeState="1" damping="0.1, 0.1, 0.1, 0.1" material="asphalt" mass="0.384"/>
	<object id="18" type="domino_small" matrix="0.947635, -0, 0.319354, 0; 0, 1, 0, 0; -0.319354, -0, 0.947635, 0; 122.874, 1.61, 50.2569, 1" freezeState="1" damping="0.1, 0.1, 0.1, 0.1" material="asphalt" mass="0.384"/>
	<object id="19" type="domino_small" matrix="0.956571, -0, 0.291499, 0; 0, 1, 0, 0; -0.291499, -0, 0.956571, 0; 123.603, 1.61, 47.8655, 1" freezeState="1" damping="0.1, 0.1, 0.1, 0.1" material="asphalt" mass="0.384"/>
	<object id="20" type="domino_small" matrix="0.956571, -0, 0.291501, 0; 0, 1, 0, 0; -0.291501, -0, 0.956571, 0; 124.332, 1.61, 45.4741, 1" freezeState="1" damping="0.1, 0.1, 0.1, 0.1" material="asphalt" mass="0.384"/>
	<object id="21" type="domino_small" matrix="0.960003, -0, 0.279991, 0; 0, 1, 0, 0; -0.279991, -0, 0.960003, 0; 125.061, 1.61, 43.0826, 1" freezeState="1" damping="0.1, 0.1, 0.1, 0.1" material="asphalt" mass="0.384"/>
	<object id="22" type="domino_small" matrix="0.963508, -0, 0.267682, 0; 0, 1, 0, 0; -0.267682, -0, 0.963508, 0; 125.732, 1.61, 40.6744, 1" freezeState="1" damping="0.1, 0.1, 0.1, 0.1" material="asphalt" mass="0.384"/>
	<object id="23" type="domino_small" matrix="0.963719, -0, 0.266921, 0; 0, 1, 0, 0; -0.266921, -0, 0.963719, 0; 126.399, 1.61, 38.2652, 1" freezeState="1" damping="0.1, 0.1, 0.1, 0.1" material="asphalt" mass="0.384"/>
	<object id="24" type="domino_small" matrix="0.966643, -0, 0.256126, 0; 0, 1, 0, 0; -0.256126, -0, 0.966643, 0; 127.066, 1.61, 35.8559, 1" freezeState="1" damping="0.1, 0.1, 0.1, 0.1" material="asphalt" mass="0.384"/>
	<object id="25" type="domino_small" matrix="0.970644, -0, 0.240519, 0; 0, 1, 0, 0; -0.240519, -0, 0.970644, 0; 127.68, 1.61, 33.4325, 1" freezeState="1" damping="0.1, 0.1, 0.1, 0.1" material="asphalt" mass="0.384"/>
	<object id="12" type="domino_small" matrix="-0.987256, 0, -0.15914, 0; 0, 1, 0, 0; 0.15914, 0, -0.987256, 0; 129.355, 1.6001, 25.5056, 1" freezeState="1" damping="0.1, 0.1, 0.1, 0.1" material="cradle" mass="2.384"/>
	<object id="15" type="domino_small" matrix="0.971818, -0, 0.235733, 0; 0, 1, 0, 0; -0.235733, -0, 0.971818, 0; 129.091, 1.6001, 27.034, 1" freezeState="1" damping="0.1, 0.1, 0.1, 0.1" material="cradle" mass="2.384"/>
	<object id="16" type="domino_small" matrix="0.971817, -0, 0.235734, 0; 0, 1, 0, 0; -0.235734, -0, 0.971817, 0; 128.269, 1.61, 31.003, 1" freezeState="1" damping="0.1, 0.1, 0.1, 0.1" material="asphalt" mass="1.384"/>
	<object id="0" type="box" matrix="0.99998, -0.00306625, 0.00544852, 0; 0.00214848, 0.986936, 0.1611, 0; -0.00587132, -0.161085, 0.986923, 0; 9.52271, 0.557845, -71.7752, 1" width="1" height="1" depth="1" freezeState="0" damping="0.1, 0.1, 0.1, 0.1" material="crate" mass="0.5"/>
	<object id="3" type="sphere" matrix="0.0372103, -0, 0.999307, 0; 0, 1, 0, 0; -0.999307, -0, 0.0372103, 0; 9.42, 9.696, -81.271, 1" radius_x="1" radius_y="1" radius_z="1" freezeState="1" damping="0.1, 0.1, 0.1, 0.1" material="metal" mass="2.09439"/>
	<object id="17" type="domino_large" matrix="1, 0, 0, 0; 0, 1, 0, 0; 0, 0, 1, 0; 9.54342, 3.0001, -61.6088, 1" freezeState="1" damping="0.1, 0.1, 0.1, 0.1" material="plankso" mass="2.531"/>
	<object id="18" type="domino_large" matrix="1, 0, 0, 0; 0, 1, 0, 0; 0, 0, 1, 0; 9.4898, 3.0001, -57.1398, 1" freezeState="1" damping="0.1, 0.1, 0.1, 0.1" material="plankso" mass="2.531"/>
	<object id="19" type="domino_large" matrix="1, 0, 0, 0; 0, 1, 0, 0; 0, 0, 1, 0; 9.57691, 3.0001, -54.0263, 1" freezeState="1" damping="0.1, 0.1, 0.1, 0.1" material="plankso" mass="2.531"/>
	<object id="21" type="domino_large" matrix="1, 0, 0, 0; 0, 1, 0, 0; 0, 0, 1, 0; 9.5331, 3.0001, -69.0898, 1" freezeState="1" damping="0.1, 0.1, 0.1, 0.1" material="plankso" mass="0.531"/>
	<object id="22" type="domino_large" matrix="1, 0, 0, 0; 0, 1, 0, 0; 0, 0, 1, 0; 9.58501, 3.0001, -65.4, 1" freezeState="1" damping="0.1, 0.1, 0.1, 0.1" material="plankso" mass="1.531"/>
	<object id="24" type="domino_small" matrix="0.999939, -0, 0.0110731, 0; 0, 1, 0, 0; -0.0110731, -0, 0.999939, 0; 9.85023, 5.33869, -51.9594, 1" freezeState="1" damping="0.1, 0.1, 0.1, 0.1" material="wood" mass="0.384"/>
	<object id="25" type="domino_small" matrix="0.999939, -0, 0.0110731, 0; 0, 1, 0, 0; -0.0110731, -0, 0.999939, 0; 9.82429, 5.6804, -49.6171, 1" freezeState="1" damping="0.1, 0.1, 0.1, 0.1" material="wood" mass="0.384"/>
	<object id="26" type="domino_small" matrix="0.999939, -0, 0.0110731, 0; 0, 1, 0, 0; -0.0110731, -0, 0.999939, 0; 9.79835, 6.02211, -47.2748, 1" freezeState="1" damping="0.1, 0.1, 0.1, 0.1" material="wood" mass="0.384"/>
	<object id="27" type="domino_small" matrix="0.999939, -0, 0.0110731, 0; 0, 1, 0, 0; -0.0110731, -0, 0.999939, 0; 9.77241, 6.36383, -44.9325, 1" freezeState="1" damping="0.1, 0.1, 0.1, 0.1" material="wood" mass="0.384"/>
	<object id="28" type="domino_small" matrix="0.999939, -0, 0.0110731, 0; 0, 1, 0, 0; -0.0110731, -0, 0.999939, 0; 9.74648, 6.70554, -42.5901, 1" freezeState="1" damping="0.1, 0.1, 0.1, 0.1" material="wood" mass="0.384"/>
	<object id="29" type="domino_small" matrix="0.999939, -0, 0.0110731, 0; 0, 1, 0, 0; -0.0110731, -0, 0.999939, 0; 9.72054, 7.04726, -40.2478, 1" freezeState="1" damping="0.1, 0.1, 0.1, 0.1" material="wood" mass="0.384"/>
	<object id="30" type="domino_small" matrix="0.999939, -0, 0.0110731, 0; 0, 1, 0, 0; -0.0110731, -0, 0.999939, 0; 9.6946, 7.38897, -37.9055, 1" freezeState="1" damping="0.1, 0.1, 0.1, 0.1" material="wood" mass="0.384"/>
	<object id="31" type="domino_small" matrix="0.999939, -0, 0.0110731, 0; 0, 1, 0, 0; -0.0110731, -0, 0.999939, 0; 9.66866, 7.73068, -35.5632, 1" freezeState="1" damping="0.1, 0.1, 0.1, 0.1" material="wood" mass="0.384"/>
	<object id="32" type="domino_small" matrix="0.999939, -0, 0.0110731, 0; 0, 1, 0, 0; -0.0110731, -0, 0.999939, 0; 9.85681, 8.0612, -33.2294, 1" freezeState="1" damping="0.1, 0.1, 0.1, 0.1" material="wood" mass="0.384"/>
	<object id="33" type="domino_small" matrix="0.999939, -0, 0.0110731, 0; 0, 1, 0, 0; -0.0110731, -0, 0.999939, 0; 9.92108, 8.39876, -30.9157, 1" freezeState="1" damping="0.1, 0.1, 0.1, 0.1" material="wood" mass="0.384"/>
	<object id="34" type="domino_small" matrix="0.999939, -0, 0.0110731, 0; 0, 1, 0, 0; -0.0110731, -0, 0.999939, 0; 9.89432, 8.73927, -28.5813, 1" freezeState="1" damping="0.1, 0.1, 0.1, 0.1" material="wood" mass="0.384"/>
	<object id="35" type="domino_small" matrix="0.999939, -0, 0.0110731, 0; 0, 1, 0, 0; -0.0110731, -0, 0.999939, 0; 9.87736, 9.06583, -26.3431, 1" freezeState="1" damping="0.1, 0.1, 0.1, 0.1" material="wood" mass="0.384"/>
	<object id="36" type="domino_small" matrix="0.999939, -0, 0.0110731, 0; 0, 1, 0, 0; -0.0110731, -0, 0.999939, 0; 9.90547, 9.40975, -23.9854, 1" freezeState="1" damping="0.1, 0.1, 0.1, 0.1" material="wood" mass="0.384"/>
	<object id="37" type="domino_small" matrix="0.999939, -0, 0.0110731, 0; 0, 1, 0, 0; -0.0110731, -0, 0.999939, 0; 9.88833, 9.74055, -21.7179, 1" freezeState="1" damping="0.1, 0.1, 0.1, 0.1" material="wood" mass="0.384"/>
	<object id="38" type="domino_small" matrix="0.999939, -0, 0.0110731, 0; 0, 1, 0, 0; -0.0110731, -0, 0.999939, 0; 9.81151, 10.0771, -19.4113, 1" freezeState="1" damping="0.1, 0.1, 0.1, 0.1" material="wood" mass="0.384"/>
	<object id="39" type="domino_small" matrix="0.999939, -0, 0.0110731, 0; 0, 1, 0, 0; -0.0110731, -0, 0.999939, 0; 9.84909, 10.4069, -17.1504, 1" freezeState="1" damping="0.1, 0.1, 0.1, 0.1" material="wood" mass="0.384"/>
	<object id="56" type="domino_small" matrix="1, -0, -0.00103819, 0; 0, 1, 0, 0; 0.00103819, -0, 1, 0; 9.85235, 5.51577, -50.7396, 1" freezeState="1" damping="0.1, 0.1, 0.1, 0.1" material="wood" mass="0.384"/>
	<object id="57" type="domino_small" matrix="1, -0, -0.00103819, 0; 0, 1, 0, 0; 0.00103819, -0, 1, 0; 9.85476, 5.85421, -48.4198, 1" freezeState="1" damping="0.1, 0.1, 0.1, 0.1" material="wood" mass="0.384"/>
	<object id="58" type="domino_small" matrix="1, -0, -0.00103819, 0; 0, 1, 0, 0; 0.00103819, -0, 1, 0; 9.85717, 6.19258, -46.1, 1" freezeState="1" damping="0.1, 0.1, 0.1, 0.1" material="wood" mass="0.384"/>
	<object id="59" type="domino_small" matrix="1, -0, -0.00103819, 0; 0, 1, 0, 0; 0.00103819, -0, 1, 0; 9.75086, 6.51825, -43.8, 1" freezeState="1" damping="0.1, 0.1, 0.1, 0.1" material="wood" mass="0.384"/>
	<object id="60" type="domino_small" matrix="1, -0, -0.00103819, 0; 0, 1, 0, 0; 0.00103819, -0, 1, 0; 9.80682, 6.85931, -41.4621, 1" freezeState="1" damping="0.1, 0.1, 0.1, 0.1" material="wood" mass="0.384"/>
	<object id="61" type="domino_small" matrix="1, -0, -0.00103819, 0; 0, 1, 0, 0; 0.00103819, -0, 1, 0; 9.64897, 7.19083, -39.1897, 1" freezeState="1" damping="0.1, 0.1, 0.1, 0.1" material="wood" mass="0.384"/>
	<object id="62" type="domino_small" matrix="1, -0, -0.00103819, 0; 0, 1, 0, 0; 0.00103819, -0, 1, 0; 9.7173, 7.54885, -36.7354, 1" freezeState="1" damping="0.1, 0.1, 0.1, 0.1" material="wood" mass="0.384"/>
	<object id="63" type="domino_small" matrix="1, -0, -0.00103819, 0; 0, 1, 0, 0; 0.00103819, -0, 1, 0; 9.6705, 7.88874, -34.4057, 1" freezeState="1" damping="0.1, 0.1, 0.1, 0.1" material="wood" mass="0.384"/>
	<object id="64" type="domino_small" matrix="1, -0, -0.00103819, 0; 0, 1, 0, 0; 0.00103819, -0, 1, 0; 9.87162, 8.22314, -32.1812, 1" freezeState="1" damping="0.1, 0.1, 0.1, 0.1" material="wood" mass="0.384"/>
	<object id="65" type="domino_small" matrix="1, -0, -0.00103819, 0; 0, 1, 0, 0; 0.00103819, -0, 1, 0; 9.87403, 8.56157, -29.8613, 1" freezeState="1" damping="0.1, 0.1, 0.1, 0.1" material="wood" mass="0.384"/>
	<object id="66" type="domino_small" matrix="1, -0, -0.00103819, 0; 0, 1, 0, 0; 0.00103819, -0, 1, 0; 9.87644, 8.90001, -27.5415, 1" freezeState="1" damping="0.1, 0.1, 0.1, 0.1" material="wood" mass="0.384"/>
	<object id="67" type="domino_small" matrix="1, -0, -0.00103819, 0; 0, 1, 0, 0; 0.00103819, -0, 1, 0; 9.87885, 9.23838, -25.2217, 1" freezeState="1" damping="0.1, 0.1, 0.1, 0.1" material="wood" mass="0.384"/>
	<object id="68" type="domino_small" matrix="1, -0, -0.00103819, 0; 0, 1, 0, 0; 0.00103819, -0, 1, 0; 9.88126, 9.57688, -22.9019, 1" freezeState="1" damping="0.1, 0.1, 0.1, 0.1" material="wood" mass="0.384"/>
	<object id="69" type="domino_small" matrix="1, -0, -0.00103819, 0; 0, 1, 0, 0; 0.00103819, -0, 1, 0; 9.88366, 9.91531, -20.5821, 1" freezeState="1" damping="0.1, 0.1, 0.1, 0.1" material="wood" mass="0.384"/>
	<object id="70" type="domino_small" matrix="1, -0, -0.00103819, 0; 0, 1, 0, 0; 0.00103819, -0, 1, 0; 9.88607, 10.2537, -18.2623, 1" freezeState="1" damping="0.1, 0.1, 0.1, 0.1" material="wood" mass="0.384"/>
	<object id="71" type="domino_small" matrix="1, -0, -0.00103819, 0; 0, 1, 0, 0; 0.00103819, -0, 1, 0; 9.88848, 10.5921, -15.9425, 1" freezeState="1" damping="0.1, 0.1, 0.1, 0.1" material="wood" mass="0.384"/>
	<object id="78" type="domino_small" matrix="-0.532667, 0, -0.846325, 0; 0, 1, 0, 0; 0.846325, -0, -0.532667, 0; 10.1324, 25.624, -9.46696, 1" freezeState="1" damping="0.1, 0.1, 0.1, 0.1" material="cradle" mass="1.384"/>
	<object id="79" type="domino_small" matrix="1, 0, 0, 0; 0, 1, 0, 0; 0, 0, 1, 0; 9.67213, 11.3652, -14.1721, 1" freezeState="1" damping="0.1, 0.1, 0.1, 0.1" material="cradle" mass="1.384"/>
	<object id="80" type="domino_small" matrix="1, 0, 0, 0; 0, 1, 0, 0; 0, 0, 1, 0; 9.6, 11.2645, -12.086, 1" freezeState="1" damping="0.1, 0.1, 0.1, 0.1" material="cradle" mass="1.384"/>
	<object id="81" type="domino_small" matrix="1, 0, 0, 0; 0, 1, 0, 0; 0, 0, 1, 0; 9.6, 11.2652, -9.86946, 1" freezeState="1" damping="0.1, 0.1, 0.1, 0.1" material="cradle" mass="1.384"/>
	<object id="82" type="domino_small" matrix="1, 0, 0, 0; 0, 1, 0, 0; 0, 0, 1, 0; 9.6, 11.2684, -7.65228, 1" freezeState="1" damping="0.1, 0.1, 0.1, 0.1" material="cradle" mass="1"/>
	<object id="83" type="domino_small" matrix="1, 0, 0, 0; 0, 1, 0, 0; 0, 0, 1, 0; 9.6, 11.283, -5.36, 1" freezeState="1" damping="0.1, 0.1, 0.1, 0.1" material="cradle" mass="2"/>
	<object id="1" type="hull" matrix="-4.37114e-08, 1, 0, 0; -1, -4.37114e-08, 0, 0; 0, 0, 1, 0; 9.5998, 10.0008, -1.61803, 1" freezeState="1" damping="0.1, 0.1, 0.1, 0.1" material="barrel" mass="1.2" filename="data/models/barrel.3ds"/>
	<object id="0" type="domino_small" matrix="0.997364, -0, 0.0725648, 0; 0, 1, 0, 0; -0.0725648, -0, 0.997364, 0; 10.9864, 1.60011, 13.2117, 1" freezeState="1" damping="0.1, 0.1, 0.1, 0.1" material="wood" mass="0.384"/>
	<object id="1" type="domino_small" matrix="-0.997364, 0, -0.0725647, 0; 0, 1, 0, 0; 0.0725647, -0, -0.997364, 0; 10.9727, 1.6001, 15.0977, 1" freezeState="1" damping="0.1, 0.1, 0.1, 0.1" material="wood" mass="0.384"/>
	<object id="2" type="domino_small" matrix="-0.997364, 0, -0.0725647, 0; 0, 1, 0, 0; 0.0725647, -0, -0.997364, 0; 10.4563, 1.6001, 16.8544, 1" freezeState="1" damping="0.1, 0.1, 0.1, 0.1" material="wood" mass="0.384"/>
	<object id="3" type="domino_small" matrix="-0.999829, 0, -0.0184709, 0; 0, 1, 0, 0; 0.0184709, 0, -0.999829, 0; 10.392, 1.6001, 18.7974, 1" freezeState="1" damping="0.1, 0.1, 0.1, 0.1" material="wood" mass="0.384"/>
	<object id="4" type="domino_small" matrix="-0.999811, 0, 0.019456, 0; 0, 1, 0, 0; -0.019456, 0, -0.999811, 0; 9.94033, 1.6001, 21.9503, 1" freezeState="1" damping="0.1, 0.1, 0.1, 0.1" material="wood" mass="0.384"/>
	<object id="5" type="domino_small" matrix="-0.999999, 0, 0.00158445, 0; 0, 1, 0, 0; -0.00158445, 0, -0.999999, 0; 9.876, 1.6001, 23.9463, 1" freezeState="1" damping="0.1, 0.1, 0.1, 0.1" material="wood" mass="0.384"/>
	<object id="6" type="domino_small" matrix="-0.998485, 0, -0.0550293, 0; 0, 1, 0, 0; 0.0550293, -0, -0.998485, 0; 9.76372, 1.61, 28.1084, 1" freezeState="1" damping="0.1, 0.1, 0.1, 0.1" material="wood" mass="0.384"/>
	<object id="7" type="domino_small" matrix="-0.999102, 0, -0.0423771, 0; 0, 1, 0, 0; 0.0423771, -0, -0.999102, 0; 9.65778, 1.61, 30.6061, 1" freezeState="1" damping="0.1, 0.1, 0.1, 0.1" material="wood" mass="0.384"/>
	<object id="8" type="domino_small" matrix="-0.999459, 0, -0.0328776, 0; 0, 1, 0, 0; 0.0328776, -0, -0.999459, 0; 9.55184, 1.61, 33.1039, 1" freezeState="1" damping="0.1, 0.1, 0.1, 0.1" material="wood" mass="0.384"/>
	<object id="9" type="domino_small" matrix="-0.999988, 0, -0.00487179, 0; 0, 1, 0, 0; 0.00487179, -0, -0.999988, 0; 9.49343, 1.61, 35.6023, 1" freezeState="1" damping="0.1, 0.1, 0.1, 0.1" material="wood" mass="0.384"/>
	<object id="10" type="domino_small" matrix="-0.997796, -0, 0.0663505, 0; 0, 1, 0, 0; -0.0663505, 0, -0.997796, 0; 9.52749, 1.61, 38.102, 1" freezeState="1" damping="0.1, 0.1, 0.1, 0.1" material="wood" mass="0.384"/>
	<object id="11" type="domino_small" matrix="-0.983637, -0, 0.180159, 0; 0, 1, 0, 0; -0.180159, 0, -0.983637, 0; 9.82459, 1.61, 40.5825, 1" freezeState="1" damping="0.1, 0.1, 0.1, 0.1" material="wood" mass="0.384"/>
	<object id="12" type="domino_small" matrix="-0.959002, -0, 0.283398, 0; 0, 1, 0, 0; -0.283398, 0, -0.959002, 0; 10.4259, 1.61, 43.0072, 1" freezeState="1" damping="0.1, 0.1, 0.1, 0.1" material="wood" mass="0.384"/>
	<object id="13" type="domino_small" matrix="-0.917819, -0, 0.396999, 0; 0, 1, 0, 0; -0.396999, 0, -0.917819, 0; 11.2387, 1.61, 45.3677, 1" freezeState="1" damping="0.1, 0.1, 0.1, 0.1" material="wood" mass="0.384"/>
	<object id="14" type="domino_small" matrix="-0.830775, -0, 0.556608, 0; 0, 1, 0, 0; -0.556608, 0, -0.830775, 0; 12.402, 1.61, 47.5757, 1" freezeState="1" damping="0.1, 0.1, 0.1, 0.1" material="wood" mass="0.384"/>
	<object id="15" type="domino_small" matrix="-0.658364, -0, 0.7527, 0; 0, 1, 0, 0; -0.7527, 0, -0.658364, 0; 13.9992, 1.61, 49.4879, 1" freezeState="1" damping="0.1, 0.1, 0.1, 0.1" material="wood" mass="0.384"/>
	<object id="16" type="domino_small" matrix="-0.41207, -0, 0.911152, 0; 0, 1, 0, 0; -0.911152, 0, -0.41207, 0; 16.0969, 1.61, 50.8075, 1" freezeState="1" damping="0.1, 0.1, 0.1, 0.1" material="wood" mass="0.384"/>
	<object id="17" type="domino_small" matrix="-0.224745, -0, 0.974417, 0; 0, 1, 0, 0; -0.974417, 0, -0.224745, 0; 18.49, 1.61, 51.5189, 1" freezeState="1" damping="0.1, 0.1, 0.1, 0.1" material="wood" mass="0.384"/>
	<object id="18" type="domino_small" matrix="-0.148396, -0, 0.988928, 0; 0, 1, 0, 0; -0.988928, 0, -0.148396, 0; 20.9555, 1.61, 51.9281, 1" freezeState="1" damping="0.1, 0.1, 0.1, 0.1" material="wood" mass="0.384"/>
	<object id="19" type="domino_small" matrix="0.189594, -0, -0.981863, 0; 0, 1, 0, 0; 0.981863, -0, 0.189594, 0; 23.4333, 1.61, 52.2607, 1" freezeState="1" damping="0.1, 0.1, 0.1, 0.1" material="wood" mass="0.384"/>
	<object id="20" type="domino_small" matrix="0.994208, -0, -0.107471, 0; 0, 1, 0, 0; 0.107471, -0, 0.994208, 0; 8.03815, 1.6001, 13.4588, 1" freezeState="1" damping="0.1, 0.1, 0.1, 0.1" material="wood" mass="0.384"/>
	<object id="21" type="domino_small" matrix="0.994208, -0, -0.107471, 0; 0, 1, 0, 0; 0.107471, -0, 0.994208, 0; 8.15103, 1.6001, 15.3475, 1" freezeState="1" damping="0.1, 0.1, 0.1, 0.1" material="wood" mass="0.384"/>
	<object id="22" type="domino_small" matrix="0.994208, -0, -0.107471, 0; 0, 1, 0, 0; 0.107471, -0, 0.994208, 0; 8.86465, 1.6001, 17.0262, 1" freezeState="1" damping="0.1, 0.1, 0.1, 0.1" material="wood" mass="0.384"/>
	<object id="23" type="domino_small" matrix="0.994208, -0, -0.107471, 0; 0, 1, 0, 0; 0.107471, -0, 0.994208, 0; 9.07185, 1.6001, 18.7503, 1" freezeState="1" damping="0.1, 0.1, 0.1, 0.1" material="wood" mass="0.384"/>
	<object id="24" type="domino_small" matrix="0.999995, 0, 0.00311652, 0; 0, 1, 0, 0; -0.00311652, 0, 0.999995, 0; 9.77972, 1.6001, 20.2476, 1" freezeState="1" damping="0.1, 0.1, 0.1, 0.1" material="wood" mass="0.384"/>
	<object id="25" type="domino_small" matrix="0.998357, -0, -0.0573073, 0; 0, 1, 0, 0; 0.0573073, -0, 0.998357, 0; 9.55288, 1.61, 13.3284, 1" freezeState="1" damping="0.1, 0.1, 0.1, 0.1" material="wood" mass="0.384"/>
	<object id="26" type="domino_small" matrix="0.998357, -0, -0.0573073, 0; 0, 1, 0, 0; 0.0573073, -0, 0.998357, 0; 9.59845, 1.6001, 15.1362, 1" freezeState="1" damping="0.1, 0.1, 0.1, 0.1" material="wood" mass="0.384"/>
	<object id="27" type="domino_small" matrix="0.999657, -0, 0.026191, 0; 0, 1, 0, 0; -0.026191, -0, 0.999657, 0; 9.80729, 1.61, 25.3812, 1" freezeState="1" damping="0.1, 0.1, 0.1, 0.1" material="wood" mass="0.384"/>
	<object id="28" type="domino_small" matrix="0.999521, 0, 0.0309619, 0; 0, 1, 0, 0; -0.0309619, 0, 0.999521, 0; 9.76132, 1.6001, 26.6241, 1" freezeState="1" damping="0.1, 0.1, 0.1, 0.1" material="wood" mass="0.384"/>
	<object id="30" type="domino_small" matrix="0.160383, -0, -0.987055, 0; 0, 1, 0, 0; 0.987055, -0, 0.160383, 0; 87.2391, 1.61, 67.7189, 1" freezeState="1" damping="0.1, 0.1, 0.1, 0.1" material="asphalt" mass="0.384"/>
	<object id="31" type="domino_small" matrix="-0.195895, -0, 0.980625, 0; 0, 1, 0, 0; -0.980625, 0, -0.195895, 0; 89.6894, 1.61, 68.2149, 1" freezeState="1" damping="0.1, 0.1, 0.1, 0.1" material="asphalt" mass="0.384"/>
	<object id="32" type="domino_small" matrix="-0.180637, -0, 0.98355, 0; 0, 1, 0, 0; -0.98355, 0, -0.180637, 0; 92.142, 1.61, 68.6984, 1" freezeState="1" damping="0.1, 0.1, 0.1, 0.1" material="asphalt" mass="0.384"/>
	<object id="33" type="domino_small" matrix="-0.12646, -0, 0.991972, 0; 0, 1, 0, 0; -0.991972, 0, -0.12646, 0; 94.6066, 1.61, 69.118, 1" freezeState="1" damping="0.1, 0.1, 0.1, 0.1" material="asphalt" mass="0.384"/>
	<object id="34" type="domino_small" matrix="-0.000984203, -0, 1, 0; 0, 1, 0, 0; -1, 0, -0.000984203, 0; 97.0961, 1.61, 69.3299, 1" freezeState="1" damping="0.1, 0.1, 0.1, 0.1" material="asphalt" mass="0.384"/>
	<object id="35" type="domino_small" matrix="0.155621, -0, 0.987817, 0; 0, 1, 0, 0; -0.987817, -0, 0.155621, 0; 99.5833, 1.61, 69.1229, 1" freezeState="1" damping="0.1, 0.1, 0.1, 0.1" material="asphalt" mass="0.384"/>
	<object id="36" type="domino_small" matrix="0.270168, -0, 0.962813, 0; 0, 1, 0, 0; -0.962813, -0, 0.270168, 0; 102.015, 1.61, 68.555, 1" freezeState="1" damping="0.1, 0.1, 0.1, 0.1" material="asphalt" mass="0.384"/>
	<object id="37" type="domino_small" matrix="0.342817, -0, 0.939402, 0; 0, 1, 0, 0; -0.939402, -0, 0.342817, 0; 104.39, 1.61, 67.7742, 1" freezeState="1" damping="0.1, 0.1, 0.1, 0.1" material="asphalt" mass="0.384"/>
	<object id="38" type="domino_small" matrix="0.411737, -0, 0.911303, 0; 0, 1, 0, 0; -0.911303, -0, 0.411737, 0; 106.708, 1.61, 66.8423, 1" freezeState="1" damping="0.1, 0.1, 0.1, 0.1" material="asphalt" mass="0.384"/>
	<object id="39" type="domino_small" matrix="0.478748, -0, 0.877952, 0; 0, 1, 0, 0; -0.877952, -0, 0.478748, 0; 108.94, 1.61, 65.7181, 1" freezeState="1" damping="0.1, 0.1, 0.1, 0.1" material="asphalt" mass="0.384"/>
	<object id="40" type="domino_small" matrix="0.529419, -0, 0.84836, 0; 0, 1, 0, 0; -0.84836, -0, 0.529419, 0; 111.094, 1.61, 64.4506, 1" freezeState="1" damping="0.1, 0.1, 0.1, 0.1" material="asphalt" mass="0.384"/>
	<object id="41" type="domino_small" matrix="0.570452, -0, 0.821331, 0; 0, 1, 0, 0; -0.821331, -0, 0.570452, 0; 113.18, 1.61, 63.0724, 1" freezeState="1" damping="0.1, 0.1, 0.1, 0.1" material="asphalt" mass="0.384"/>
	<object id="42" type="domino_small" matrix="0.642929, -0, 0.765926, 0; 0, 1, 0, 0; -0.765926, -0, 0.642929, 0; 115.197, 1.61, 61.601, 1" freezeState="1" damping="0.1, 0.1, 0.1, 0.1" material="asphalt" mass="0.384"/>
	<object id="43" type="domino_small" matrix="0.746043, -0, 0.665897, 0; 0, 1, 0, 0; -0.665897, -0, 0.746043, 0; 116.995, 1.61, 59.8697, 1" freezeState="1" damping="0.1, 0.1, 0.1, 0.1" material="asphalt" mass="0.384"/>
	<object id="44" type="domino_small" matrix="0.822454, -0, 0.568831, 0; 0, 1, 0, 0; -0.568831, -0, 0.822454, 0; 118.512, 1.61, 57.8872, 1" freezeState="1" damping="0.1, 0.1, 0.1, 0.1" material="asphalt" mass="0.384"/>
	<object id="45" type="domino_small" matrix="0.85582, -0, 0.517274, 0; 0, 1, 0, 0; -0.517274, -0, 0.85582, 0; 119.834, 1.61, 55.7657, 1" freezeState="1" damping="0.1, 0.1, 0.1, 0.1" material="asphalt" mass="0.384"/>
	<object id="46" type="domino_small" matrix="0.865172, -0, 0.501475, 0; 0, 1, 0, 0; -0.501475, -0, 0.865172, 0; 121.098, 1.61, 53.6091, 1" freezeState="1" damping="0.1, 0.1, 0.1, 0.1" material="asphalt" mass="0.384"/>
	<object id="47" type="domino_small" matrix="-0.852673, 0, -0.522445, 0; 0, 1, 0, 0; 0.522445, -0, -0.852673, 0; 122.341, 1.61, 51.4401, 1" freezeState="1" damping="0.1, 0.1, 0.1, 0.1" material="asphalt" mass="0.384"/>
	<compound id="48" matrix="-4.37114e-08, 0, -1, 0; 0, 1, 0, 0; 1, 0, -4.37114e-08, 0; 129.946, 7.121, 2.58463, 1">
		<object id="0" type="box" matrix="-4.47542e-08, 0, -1, 0; 0, 1, 0, 0; 1, 0, -4.47542e-08, 0; 129.946, 7.121, 2.58463, 1" width="20" height="0.25" depth="0.25" freezeState="0" damping="0.1, 0.1, 0.1, 0.1" material="metal" mass="0"/>
		<object id="1" type="sphere" matrix="3.03984e-06, 1.61332e-05, -1, 0; -8.66007e-05, 1, 1.6133e-05, 0; 1, 8.66006e-05, 3.03984e-06, 0; 129.946, 6.84519, 12.4741, 1" radius_x="0.05" radius_y="0.05" radius_z="0.05" freezeState="0" damping="0.1, 0.1, 0.1, 0.1" material="wood" mass="1"/>
		<object id="2" type="cylinder" matrix="-0.000752926, 0.999735, 0.0230124, 0; 0.0362648, -0.02297, 0.999078, 0; 0.999342, 0.00158674, -0.036238, 0; 129.948, 4.39124, 12.4158, 1" height="5" radius="0.1" freezeState="0" damping="0.1, 0.1, 0.1, 0.1" material="rope" mass="0.1"/>
		<object id="3" type="sphere" matrix="0.186481, 0.410156, 0.892747, 0; 0.545832, -0.798794, 0.252975, 0; 0.81688, 0.440115, -0.372836, 0; 129.948, 1.88155, 12.3554, 1" radius_x="1" radius_y="1" radius_z="1" freezeState="0" damping="0.1, 0.1, 0.1, 0.1" material="cradle" mass="1"/>
		<joint type="slider" parentID="0" childID="1" pivot="129.946, 6.99519, 12.4741" pinDir="4.19163e-09, -1.95707e-10, -1" limited="1" mindist="2.86102e-06" maxdist="20"/>
		<joint type="ballandsocket" parentID="1" childID="2" pivot="129.947, 6.84055, 12.4741" pinDir="0.999342, 0.00158662, -0.0362384" limited="0"/>
		<joint type="ballandsocket" parentID="2" childID="3" pivot="129.948, 1.88155, 12.3554" pinDir="0.81688, 0.440115, -0.372836" limited="0"/>
	</compound>
	<object id="100" type="domino_small" matrix="1, 0, 0, 0; 0, 1, 0, 0; 0, 0, 1, 0; 129.176, 1.6001, -7.59052, 1" freezeState="1" damping="0.1, 0.1, 0.1, 0.1" material="cradle" mass="0.384"/>
	<object id="101" type="domino_small" matrix="1, 0, 0, 0; 0, 1, 0, 0; 0, 0, 1, 0; 129.202, 1.6001, -8.76524, 1" freezeState="1" damping="0.1, 0.1, 0.1, 0.1" material="cradle" mass="0.384"/>
	<object id="102" type="domino_small" matrix="1, 0, 0, 0; 0, 1, 0, 0; 0, 0, 1, 0; 130.563, 1.6001, -8.7903, 1" freezeState="1" damping="0.1, 0.1, 0.1, 0.1" material="cradle" mass="0.384"/>
	<object id="103" type="domino_small" matrix="-0.999566, -0, 0.0294604, 0; 0, 1, 0, 0; -0.0294604, 0, -0.999566, 0; 129.773, 1.6001, -9.97599, 1" freezeState="1" damping="0.1, 0.1, 0.1, 0.1" material="cradle" mass="0.384"/>
	<object id="104" type="domino_small" matrix="-0.999566, -0, 0.0294604, 0; 0, 1, 0, 0; -0.0294604, 0, -0.999566, 0; 129.742, 1.6001, -11.6001, 1" freezeState="1" damping="0.1, 0.1, 0.1, 0.1" material="cradle" mass="0.384"/>
	<object id="119" type="domino_small" matrix="1, 0, 0, 0; 0, 1, 0, 0; 0, 0, 1, 0; 130.519, 1.6001, -7.58162, 1" freezeState="1" damping="0.1, 0.1, 0.1, 0.1" material="cradle" mass="0.384"/>
	<object id="2" type="domino_small" matrix="1, 0, 0, 0; 0, 1, 0, 0; 0, 0, 1, 0; 129.94, 1.6001, 14.7613, 1" freezeState="1" damping="0.1, 0.1, 0.1, 0.1" material="cradle" mass="7.384"/>
	<object id="4" type="domino_small" matrix="0.95199, -0, 0.306128, 0; 0, 1, 0, 0; -0.306128, -0, 0.95199, 0; 128.601, 1.6001, 29.5377, 1" freezeState="1" damping="0.1, 0.1, 0.1, 0.1" material="cradle" mass="0.384"/>
	<object id="7" type="domino_small" matrix="1, 0, 0, 0; 0, 1, 0, 0; 0, 0, 1, 0; 129.936, 1.6001, 16.6584, 1" freezeState="1" damping="0.1, 0.1, 0.1, 0.1" material="cradle" mass="6.384"/>
	<object id="10" type="domino_small" matrix="-0.999821, -0, 0.0189193, 0; 0, 1, 0, 0; -0.0189193, 0, -0.999821, 0; 130.007, 1.6001, 18.3887, 1" freezeState="1" damping="0.1, 0.1, 0.1, 0.1" material="cradle" mass="5.384"/>
	<object id="13" type="domino_small" matrix="-0.999821, -0, 0.0189193, 0; 0, 1, 0, 0; -0.0189193, 0, -0.999821, 0; 129.994, 1.6001, 20.2878, 1" freezeState="1" damping="0.1, 0.1, 0.1, 0.1" material="cradle" mass="4.384"/>
	<object id="17" type="domino_small" matrix="-0.996992, 0, -0.0775027, 0; 0, 1, 0, 0; 0.0775027, 0, -0.996992, 0; 129.945, 1.6001, 22.1665, 1" freezeState="1" damping="0.1, 0.1, 0.1, 0.1" material="cradle" mass="3.384"/>
