<?xml version="1.0" encoding="utf-8"?>
<level>
	<compound id="0" matrix="-4.37114e-008, 0, -1, 0; 0, 1, 0, 0; 1, 0, -4.37114e-008, 0; 0, 2.4, 100, 1">
		<object id="0" type="box" matrix="-4.37114e-008, 0, -1, 0; 0, 1, 0, 0; 1, 0, -4.37114e-008, 0; 0, 6.9, 100, 1" width="16.8" height="0.5" depth="0.5" freezeState="0" damping="0.1, 0.1, 0.1, 0.1" material="cradle" mass="0"/>
		<object id="1" type="box" matrix="0.000166723, 0.0865048, -0.996251, 0; -0.000439674, 0.996251, 0.0865048, 0; 1, 0.000423603, 0.000204146, 0; 0.00111652, 4.36844, 107.793, 1" width="0.05" height="5" depth="0.15" freezeState="0" damping="0.1, 0.1, 0.1, 0.1" material="cradle" mass="0.05"/>
		<object id="2" type="sphere" matrix="-0.000521681, -0.0177503, -0.999842, 0; -0.00122313, 0.999842, -0.0177496, 0; 0.999999, 0.00121368, -0.000543296, 0; 0.00192032, 2.33605, 107.62, 1" radius_x="2" radius_y="2" radius_z="2" freezeState="0" damping="0.1, 0.1, 0.1, 0.1" material="cradle" mass="5"/>
		<object id="3" type="box" matrix="0.000958195, 0.086231, -0.996275, 0; -0.000510354, 0.996275, 0.0862306, 0; 0.999999, 0.000425819, 0.000998616, 0; 0.00128598, 4.36839, 103.793, 1" width="0.05" height="5" depth="0.15" freezeState="0" damping="0.1, 0.1, 0.1, 0.1" material="cradle" mass="0.05"/>
		<object id="4" type="sphere" matrix="0.000917216, 0.0519622, -0.998649, 0; -0.0012692, 0.998648, 0.0519611, 0; 0.999999, 0.00121983, 0.000981927, 0; 0.0022317, 2.33596, 103.621, 1" radius_x="2" radius_y="2" radius_z="2" freezeState="0" damping="0.1, 0.1, 0.1, 0.1" material="cradle" mass="5"/>
		<object id="5" type="box" matrix="-0.000965069, 0.0859628, -0.996298, 0; -0.000338063, 0.996298, 0.0859631, 0; 0.999999, 0.000419769, -0.000932455, 0; 0.000866959, 4.36834, 99.7937, 1" width="0.05" height="5" depth="0.15" freezeState="0" damping="0.1, 0.1, 0.1, 0.1" material="cradle" mass="0.05"/>
		<object id="6" type="sphere" matrix="-0.00273804, -0.0429732, -0.999072, 0; -0.00131972, 0.999075, -0.0429697, 0; 0.999995, 0.00120085, -0.00279224, 0; 0.0014688, 2.33587, 99.6218, 1" radius_x="2" radius_y="2" radius_z="2" freezeState="0" damping="0.1, 0.1, 0.1, 0.1" material="cradle" mass="5"/>
		<object id="7" type="box" matrix="0.0158587, 0.0858341, -0.996183, 0; -0.00184715, 0.996309, 0.0858156, 0; 0.999873, 0.000479165, 0.0159587, 0; 0.00451767, 4.36832, 95.7941, 1" width="0.05" height="5" depth="0.15" freezeState="0" damping="0.1, 0.1, 0.1, 0.1" material="cradle" mass="0.05"/>
		<object id="8" type="sphere" matrix="0.0285567, 0.108732, -0.993661, 0; -0.00445941, 0.99407, 0.108648, 0; 0.999582, 0.00132849, 0.0288723, 0; 0.00813394, 2.33583, 95.6225, 1" radius_x="2" radius_y="2" radius_z="2" freezeState="0" damping="0.1, 0.1, 0.1, 0.1" material="cradle" mass="5"/>
		<object id="9" type="box" matrix="-0.0366103, 0.0859619, -0.995626, 0; 0.00292158, 0.996298, 0.0859126, 0; 0.999325, 0.000236478, -0.0367259, 0; -0.00702006, 4.36835, 91.7938, 1" width="0.05" height="5" depth="0.15" freezeState="0" damping="0.1, 0.1, 0.1, 0.1" material="cradle" mass="0.05"/>
		<object id="10" type="sphere" matrix="-0.063875, -0.524187, -0.849204, 0; -0.0402323, 0.851603, -0.522642, 0; 0.997147, 0.000781685, -0.0754854, 0; -0.0129714, 2.33588, 91.622, 1" radius_x="2" radius_y="2" radius_z="2" freezeState="0" damping="0.1, 0.1, 0.1, 0.1" material="cradle" mass="5"/>
		<joint type="hinge" parentID="2" childID="1" pivot="3.49691e-007, 2.4, 108" pinDir="1, 0, -4.37114e-008"/>
		<joint type="hinge" parentID="1" childID="0" pivot="3.49691e-007, 6.8, 108" pinDir="1, 0, -4.37114e-008"/>
		<joint type="hinge" parentID="4" childID="3" pivot="1.74846e-007, 2.4, 104" pinDir="1, 0, -4.37114e-008"/>
		<joint type="hinge" parentID="3" childID="0" pivot="1.74846e-007, 6.8, 104" pinDir="1, 0, -4.37114e-008"/>
		<joint type="hinge" parentID="6" childID="5" pivot="0, 2.4, 100" pinDir="1, 0, -4.37114e-008"/>
		<joint type="hinge" parentID="5" childID="0" pivot="0, 6.8, 100" pinDir="1, 0, -4.37114e-008"/>
		<joint type="hinge" parentID="8" childID="7" pivot="-1.74846e-007, 2.4, 96" pinDir="1, 0, -4.37114e-008"/>
		<joint type="hinge" parentID="7" childID="0" pivot="-1.74846e-007, 6.8, 96" pinDir="1, 0, -4.37114e-008"/>
		<joint type="hinge" parentID="10" childID="9" pivot="-3.49691e-007, 2.4, 92" pinDir="1, 0, -4.37114e-008"/>
		<joint type="hinge" parentID="9" childID="0" pivot="-3.49691e-007, 6.8, 92" pinDir="1, 0, -4.37114e-008"/>
	</compound>
	<compound id="1" matrix="-4.37114e-008, 0, -1, 0; 0, 1, 0, 0; 1, 0, -4.37114e-008, 0; 0, 42.9159, -25, 1">
		<object id="0" type="box" matrix="0.747452, -7.06344e-007, 0.664316, 0; -2.7882e-005, 1, 3.24346e-005, 0; -0.664316, -4.27658e-005, 0.747452, 0; -65.4003, 0.726726, 185.631, 1" width="5" height="0.5" depth="2.5" freezeState="0" damping="0.1, 0.1, 0.1, 0.1" material="yellow" mass="5"/>
		<object id="1" type="chamfercylinder" matrix="0.664254, 0.00210392, -0.747504, 0; -0.740954, -0.130262, -0.658801, 0; -0.0987575, 0.991477, -0.0849683, 0; -66.1687, 0.732319, 183.108, 1" height="0.2" radius="0.75" freezeState="0" damping="0.1, 0.1, 0.1, 0.1" material="yellow" mass="0.1"/>
		<object id="2" type="chamfercylinder" matrix="0.664271, 0.00178412, -0.74749, 0; 0.708606, -0.319839, 0.628952, 0; -0.237954, -0.94747, -0.213724, 0; -62.8049, 0.732304, 186.098, 1" height="0.2" radius="0.75" freezeState="0" damping="0.1, 0.1, 0.1, 0.1" material="yellow" mass="0.1"/>
		<object id="3" type="chamfercylinder" matrix="0.66423, 0.00233912, -0.747525, 0; -0.351968, 0.883192, -0.309985, 0; 0.659483, 0.469006, 0.587466, 0; -67.9957, 0.732291, 185.164, 1" height="0.2" radius="0.75" freezeState="0" damping="0.1, 0.1, 0.1, 0.1" material="yellow" mass="0.1"/>
		<object id="4" type="chamfercylinder" matrix="0.664257, 0.00201136, -0.747501, 0; 0.736581, 0.168565, 0.655007, 0; 0.12732, -0.985689, 0.110489, 0; -64.6319, 0.732287, 188.153, 1" height="0.2" radius="0.75" freezeState="0" damping="0.1, 0.1, 0.1, 0.1" material="yellow" mass="0.1"/>
		<joint type="hinge" parentID="1" childID="0" pivot="-1.375, 42.9159, -22.75" pinDir="1, 0, -4.37114e-008"/>
		<joint type="hinge" parentID="2" childID="0" pivot="-1.375, 42.9159, -27.25" pinDir="1, 0, -4.37114e-008"/>
		<joint type="hinge" parentID="3" childID="0" pivot="1.375, 42.9159, -22.75" pinDir="1, 0, -4.37114e-008"/>
		<joint type="hinge" parentID="4" childID="0" pivot="1.375, 42.9159, -27.25" pinDir="1, 0, -4.37114e-008"/>
	</compound>
	<environment model="data/models/ramps.3ds"/>
</level>

